1.0 0.0 0.0 0.0 0.0 1.0 0.0 0.0 0.0 0.0 1.0 0.0
0.9999915043119897 -0.002694098043307419 -0.0031197980026213424 -0.005261649208511659 0.002689160793036437 0.9999951270215018 -0.0015856694106237933 -0.0129769200177318 0.0031240547487692474 0.0015772663008003472 0.9999938762377214 0.4685118451783822
0.9999775744027921 -0.0009588517117923493 -0.006628068715951516 -0.0213833235948209 0.0009389024147868455 0.9999950223120855 -0.003012277096616514 -0.01780300970121169 0.006630924050544448 0.003005986434780871 0.9999734970946932 0.957531295773474
0.9999419262104486 -0.0008671741529514125 -0.01074207687211337 -0.0303767858560111 0.000816044099828146 0.9999883226393727 -0.004763261164481433 -0.020504081996732988 0.010746082009973438 0.0047542185354035845 0.9999309571803211 1.4623843193285135
0.9998768540605234 -0.0001369750877881781 -0.015692608191651976 -0.04814104728749816 5.062445492502819e-05 0.9999848576710112 -0.005502896133147407 -0.02312222338207771 0.015693124328696975 0.005501424044097179 0.9998617205305398 1.9963146523869741
0.9998172616902584 -0.0011293126794513625 -0.019083183148167003 -0.07689726661191812 0.0010218987445495744 0.9999835868185366 -0.005637536384837862 -0.030106394816311798 0.01908923647373933 0.005617005110066627 0.9998020055513208 2.5218026632212434
0.9997404330510313 0.0004046754940120916 -0.022779437233647965 -0.10711902091376019 -0.0005597977401837062 0.9999766973031895 -0.006803784027711134 -0.037909985778618885 0.02277615308666599 0.006814769867735683 0.9997173629392574 3.057409674428662
0.9996135771960568 0.003078223355740738 -0.02762645156867155 -0.13389966950983917 -0.003289216392765115 0.9999657466781353 -0.007595164643457236 -0.04674825659969665 0.027602125657737772 0.007683099076012922 0.9995894620531784 3.6079234782378418
0.9995001059203612 0.0037099440545679593 -0.031397047318178335 -0.16539060667400893 -0.0038907998458897267 0.9999761790167462 -0.005701146869479522 -0.05760340683783969 0.0313751484737073 0.0058204565267792815 0.9994907314948311 4.172305572188519
0.9993413492846043 0.003045192500276813 -0.036160674947562324 -0.19479697948025199 -0.0031580750041706068 0.9999903161678596 -0.0030649849547066243 -0.06406525658720812 0.036150991304458466 0.0031771643238593873 0.9993412887770445 4.758305258015643
0.9991917724818902 0.002785727286396756 -0.0401003931150896 -0.2226267562625204 -0.0028093977701164016 0.9999959110872597 -0.0005339409433505493 -0.07205523805661192 0.04009874173422605 0.0006461673525854386 0.9991955130899478 5.344126090589785
0.9990703086275493 0.004556326627603405 -0.0428690833412129 -0.25906861787196583 -0.004605075096988493 0.9999888573772995 -0.001038462611215322 -0.08158355864600217 0.042863874092344406 0.0012349125096104566 0.9990801585903349 5.933793259598066
0.9989917446984519 0.00384359814423054 -0.044729417363176635 -0.2998503802191528 -0.003891900413975671 0.9999919336554305 -0.000992842002540631 -0.09196840512718193 0.04472524047460526 0.0011659234022806664 0.9989986453880247 6.5256105845288195
0.9989579295873549 0.000847065416721417 -0.0456326351937441 -0.3425160013753295 -0.0009002269033359083 0.999998939911912 -0.0011444503377168655 -0.10478579806226512 0.04563161739482883 0.001184337465752765 0.9989576331550297 7.122127570947186
0.9988368030160137 0.0009040958092342641 -0.04821020173693876 -0.3731425853501725 -0.0009460701635592354 0.9999991930575497 -0.0008478416692925506 -0.10898007264045782 0.04820939630398027 0.0008924656958624543 0.998836852350266 7.734860949576002
0.9987292856886669 -0.0009647070604718467 -0.05038733221844838 -0.40563415688020876 0.0009036183286789701 0.999998828940242 -0.001235148599166354 -0.11773273832945912 0.050388464768445565 0.001188048161238955 0.9987289878439725 8.354798967131915
0.9986447667261396 0.0010045703729699013 -0.05203480305391272 -0.44854323550841124 -0.0011459925891474376 0.9999957304695993 -0.0026880743218708233 -0.13413203987633307 0.052031880529914934 0.0027440628527846084 0.9986416542121507 8.969220265400413
0.9986051194490615 0.0011519816398257868 -0.05278719871736189 -0.49659886639829104 -0.0014324748079597581 0.9999850551093706 -0.0052761324694621005 -0.14221871589397572 0.05278033181071615 0.005344389227241549 0.9985918455894472 9.592746416906056
0.9984761236894868 0.004428868439205175 -0.05500741355820623 -0.5395133350678164 -0.0048191558390408475 0.9999641346756909 -0.006964560237215921 -0.15113722638131982 0.05497459557845181 0.007219036407096764 0.9984616564266944 10.217827056624552
0.9984379594510571 0.005349248705591402 -0.05561498597943582 -0.5891451937728163 -0.005714350866950907 0.9999631420562293 -0.006407864168756014 -0.16256978184384638 0.0555786588662992 0.006715658368439284 0.9984317265648671 10.845688795351217
0.9983823040001811 0.004926801858774588 -0.056643637619172266 -0.6380589665274234 -0.005221762671714787 0.999973562032511 -0.005060477310967234 -0.1751566964677541 0.05661720810750021 0.005348070629573966 0.9983816353913231 11.475515256765753
0.9982993358028133 0.005879504587699844 -0.05799885827723872 -0.6801905582741273 -0.0060917976006948 0.9999753749888164 -0.0034841667541210355 -0.18831196308930984 0.057976944880289615 0.00383155866216155 0.9983105694224448 12.10559372048742
0.9982198849407691 0.0054120089749503586 -0.05939504581773569 -0.7248210211331263 -0.005617739274556558 0.9999787840944514 -0.003297327164262072 -0.20136882160094577 0.05937594053384699 0.003625123424126093 0.9982291100573458 12.738712441274584
0.9981313787283157 0.005265568857676337 -0.060877126923945174 -0.7738965974000682 -0.005507433403359815 0.999977591464272 -0.0038058831595687314 -0.2155207550861896 0.06085572261683017 0.004134048127660675 0.9981380118354684 13.370698652653653
0.9980833254475128 0.003897968087578836 -0.06176148725880537 -0.8275031693670833 -0.004189185148371783 0.9999807076399687 -0.004586401166826031 -0.22628351108775388 0.061742418088571636 0.004836340833587973 0.9980803993746782 14.01086873912383
0.9980193476383069 0.003800761794161376 -0.06279280173228008 -0.8706586760202275 -0.0040100959964152316 0.9999868137231879 -0.003208038317916368 -0.229420407038291 0.06277978073954132 0.003453489472075844 0.9980214288985788 14.67928726383266
0.9980094605081224 0.00450725072819008 -0.0629031114266741 -0.9182611145787362 -0.004488532562267701 0.9999898301780985 0.0004388801870569166 -0.2389832250319806 0.06290444985627616 -0.00015566391480585485 0.9980195418713125 15.333272058607736
0.9981416886556169 0.005753230299452514 -0.060663578107720856 -0.9796093148166894 -0.005507520813647918 0.9999759426452088 0.004216793250370165 -0.24868063923954958 0.06068637888519357 -0.0038748512165775453 0.9981493620425009 15.991260087448477
0.9983139346418332 0.004254330780612138 -0.05788945128041656 -1.040697444312765 -0.0038721015548571977 0.9999699686696529 0.0067133142608838 -0.24915255511426815 0.057916273442681125 -0.006477841339957431 0.9983004271471022 16.664148417143373
0.9984017075974893 0.004672466467730015 -0.056322272002490036 -1.0880164959287355 -0.004258320618071148 0.9999630253543307 0.007470918934843465 -0.2569507787658637 0.056355097124645225 -0.007219139929745442 0.9983846889084119 17.329360990456028
0.9984518377627726 0.004676071632920014 -0.05542618534791799 -1.1327557745438215 -0.004402418325456689 0.9999775157624075 0.00505832803756854 -0.2673831464366695 0.05544859223664378 -0.0048064876710315835 0.9984499743578756 17.998852611713378
0.9984835801194559 0.0056610956276842515 -0.05475849000953534 -1.172217570253672 -0.005662267254965188 0.9999839602916084 0.00013374994504857448 -0.2768154960897492 0.054758368870552285 0.0001765100809392865 0.998499619370397 18.652640487248597
0.9985523260952155 0.004695074869105175 -0.05358365722685666 -1.2172265733486403 -0.004853623396895311 0.9999842190030634 -0.0028291491223688373 -0.2831549986560962 0.05356952855638035 0.003085128329418895 0.9985593560692513 19.31763979709055
0.9986095847412448 0.0019146748554334436 -0.052680463960692196 -1.263629614110839 -0.0019972361424487476 0.999996858498477 -0.001514609180757578 -0.293979581616732 0.052677398480819836 0.0016177185716646336 0.9986102716655362 19.98944985329698
0.9986346076631425 -1.639496324345279e-05 -0.052239066881830463 -1.309092617091239 0.0002033004837638623 0.9999935976640536 0.0035725760757871635 -0.30510800395140686 0.05223867385752098 -0.003578318335359106 0.9986282174020013 20.67431811688071
0.9985897077259182 -0.003527142185453477 -0.052973152557370694 -1.3550407811554706 0.003888896320413292 0.9999698082526255 0.0067274860548269914 -0.31280023322003175 0.05294782440546467 -0.006924005431281151 0.998573275247999 21.35642643354383
0.9985342230558588 -0.010094496537967176 -0.05317430324767736 -1.4016778153468576 0.010426901730789358 0.9999277718423274 0.005977526138381483 -0.3223222675217325 0.05311012244880846 -0.006523207652951824 0.9985673550919786 22.035512801574807
0.99844743423253 -0.011432305675268805 -0.05451626786036913 -1.443822994019825 0.01154688820037382 0.999931735177703 0.0017872765305290113 -0.32625742756342907 0.0544921136254078 -0.0024139949162562697 0.9985112829513649 22.709940332265383
0.998405502435594 -0.011688757202536853 -0.055225226675747995 -1.4966024182258941 0.01160651775788315 0.9999310045364916 -0.0018096718428452904 -0.3385392205806257 0.05524256920042314 0.0011658137514040734 0.9984722827532241 23.38274458703325
0.9983038607461908 -0.010223316232032348 -0.05731391998866632 -1.547025585124713 0.010063897122297123 0.9999446466522458 -0.0030694635081390787 -0.34601896634697776 0.0573421275674281 0.0024874558761531036 0.9983514876882319 24.063404434121384
0.9982540521615408 -0.01037128387443244 -0.05814880750158807 -1.5998415514408453 0.010321148485208218 0.9999460598258911 -0.001162468331860824 -0.3598220173513337 0.05815772723385165 0.000560276246327692 0.9983072497250141 24.753285373909243
0.9981948863135033 -0.007355733168176915 -0.059605890037211805 -1.653329011947106 0.007431618835974044 0.9999718322564116 0.0010515394584089707 -0.36073512514171013 0.05959647623011268 -0.0014926095652764162 0.9982214344210609 25.47433100928126
0.998108110323422 -0.006604167965455893 -0.061127613008285765 -1.706717108937889 0.006741830662417984 0.9999751803358613 0.00204607711973155 -0.36887234722993223 0.061112583204492116 -0.0024543181832511252 0.9981278617974406 26.18067292687832
0.9980694653247086 -0.005703194924616372 -0.06184509644346313 -1.7584823322156475 0.006015816371932652 0.9999700466359579 0.004869885446093469 -0.38263157371353795 0.06181547006881533 -0.005232532707083675 0.998073879160076 26.87660797954421
0.9980610837857318 -0.006003850260962358 -0.06195181042143646 -1.8068609009961303 0.006512709869746882 0.9999466696790019 0.008015136182481878 -0.38976233517982173 0.061900384834039264 -0.008403069672158706 0.9980469582026107 27.594155550458428
0.9980143475022034 0.000656210085265418 -0.0629835817342443 -1.864884058179651 -5.058817659950525e-05 0.9999537575270923 0.009616665133176064 -0.3932320235014476 0.06298697977031917 -0.009594383553478495 0.9979682300472511 28.312731210064857
0.9980364917287959 0.000502952187836671 -0.06263312395828294 -1.9229949296933866 7.422629715809593e-05 0.9999575607162076 0.009212559739124493 -0.40250075062685564 0.06263509933043669 -0.009199119826748854 0.9979940984426112 29.017421965925323
0.998055975153849 0.0007167717978345085 -0.0623197937888865 -1.976378988136669 -0.0002618998628822207 0.9999732702563388 0.007306858511230409 -0.4074360729109264 0.062323365346884985 -0.007276332251289394 0.9980294850959105 29.727673173456207
0.9980262456201466 0.0031689935087962718 -0.06271818343586116 -2.030765444173471 -0.0028612797583009966 0.9999834288904628 0.004995500236865878 -0.41412804294786937 0.06273297483379707 -0.004806186077651643 0.9980187745948919 30.434953013121707
0.997940556132829 0.003222348920793076 -0.06406452132601256 -2.0854392801216197 -0.002912161107030772 0.9999835844192314 0.004934593169822819 -0.42327145840783204 0.06407937065066344 -0.004737864444836363 0.9979335583582297 31.1451812918117
0.9978870361520822 0.0009789696113343869 -0.06496541155193038 -2.143056359238995 -0.000577299752058419 0.9999806050487511 0.006201310452552306 -0.42885130329390836 0.06497022244542375 -0.006150702791775311 0.9978682473405797 31.855040536009245
0.9978299122316268 0.0015508028207648753 -0.06582599233155584 -2.1975995706605342 -0.0010651888144770278 0.9999719656926772 0.007411693565703954 -0.4374140433818834 0.06583564102074513 -0.007325492429420929 0.997803590659031 32.57652705819285
0.9977849129739771 0.0040713743424728825 -0.06639797702095551 -2.2533553763872027 -0.003830478728903534 0.9999856137427848 0.003754962073403728 -0.4479609019708245 0.06641230965882196 -0.003492308467010102 0.9977861538963914 33.272352480934515
0.9977662926766352 0.004759681902171236 -0.0666316038116524 -2.3202813892376604 -0.004795674707309386 0.9999884283953111 -0.00038023621125655803 -0.460499976387224 0.06662902297365995 0.0006989303719544859 0.997777572805639 33.951605726191794
0.9977400294796744 0.006292355059467507 -0.06689723343834059 -2.3800469454598265 -0.0064315872740528714 0.999977575893345 -0.0018661177895324438 -0.47074804468251213 0.0668839910519284 0.002292155813592601 0.9977581258815652 34.6319528091558
0.9977563506042778 0.00557872568659425 -0.06671688428386978 -2.4389867313973403 -0.005478864304204726 0.9999835802404287 0.0016796712382710053 -0.4835156170930021 0.0667251592337524 -0.0013103698891210231 0.9977705327659186 35.30948206879689
0.9977663200464272 0.0031337568321357467 -0.06672743175881729 -2.4964399605430874 -0.002810451774639255 0.9999838562555601 0.004938480442434894 -0.49235908157613717 0.06674183052503863 -0.004739915228665262 0.9977590196343971 36.00113538094845
0.9977592465259125 0.001474354443932995 -0.06689030012652619 -2.5443764419440056 -0.0011015420905512601 0.9999836569547063 0.005610029279208824 -0.5055037629995692 0.06689747810691983 -0.0055237761055720895 0.9977445641648321 36.668291438851654
0.9977639385305017 -0.0014920389175364698 -0.06681988317835402 -2.5990488539932057 0.0017748140022783544 0.9999897190957349 0.004172737481435144 -0.5172199238630979 0.06681297032281701 -0.004281999848225476 0.9977563287065351 37.3345747452557
0.9977591882272353 -0.004131304983934488 -0.0667797471338285 -2.656576899064222 0.004347299055434646 0.9999857781057722 0.003089429901020091 -0.5291724165568232 0.06676603402218062 -0.0033728186017631554 0.9977629582198517 37.99763440348491
0.9976585783541377 -0.005804666676618855 -0.06814445598267307 -2.708360314027546 0.006120967397315932 0.9999714374491465 0.004433739280293628 -0.5405290409349645 0.0681167732245306 -0.004840468020547769 0.997665612855741 38.65988746810124
0.9975252175287422 -0.009607427289102117 -0.06965010936904507 -2.7552305700769724 0.010239412789238683 0.9999095332127812 0.008722374443193608 -0.5478412310983468 0.06956000876916975 -0.009413964684458317 0.9975333490410003 39.34349265561916
0.9975219061540093 -0.010956606244281662 -0.06949819798008786 -2.8178584179388295 0.011947311831311432 0.9998326293118155 0.01385550805366025 -0.5558602020759482 0.06933475667280595 -0.014651489447400948 0.9974858522175121 40.02918636152565
0.997510473735664 -0.009520720691658616 -0.06987281778461638 -2.8816228669491 0.010648599657531536 0.9998186695509721 0.01578718919425367 -0.5563452263601785 0.06970984229636784 -0.016491934235645763 0.99743097705665 40.7282719111322
0.997460779812451 -0.008584320670774031 -0.07069867166048933 -2.9443856658335292 0.00945404191332672 0.9998835868428599 0.011976387341561673 -0.5655609734737984 0.07058763225549841 -0.01261436486214407 0.9974258187813707 41.40990258740686
0.9973932803571336 -0.007083807846922584 -0.07180852292607058 -3.0056483118980117 0.007401841215113902 0.9999639372251146 0.004163771832135494 -0.5713559096892205 0.07177643795189628 -0.0046844333309021165 0.997409744808675 42.06995665748945
0.9973684626854404 -0.005658881544246674 -0.07227812048020033 -3.0652752963258307 0.005624127581904935 0.9999839503009681 -0.0006843459717005202 -0.5795822895807693 0.07228083307090942 0.00027604371877973437 0.9973842814935681 42.72061685560271
0.9973636498266206 -0.0003454282761340122 -0.07256466553239845 -3.131039439677568 0.0003493808845464912 0.9999999380938328 4.1777074497935486e-05 -0.5905108411005385 0.07256464660921559 -6.701964253005091e-05 0.9973637087696982 43.36273585828024
0.9972682279817686 0.0023205730137477666 -0.0738288317596323 -3.187354137518822 -0.0021652424391173093 0.9999952711487826 0.002183896803561023 -0.6045049383521204 0.07383355052605878 -0.0020180735756251157 0.9972685366518687 43.999643236842076
0.9971718585241066 0.004259271721948379 -0.07503427997907898 -3.243945519959923 -0.003989329534906838 0.9999850221420414 0.0037470977354415015 -0.616150839139447 0.07504911603371563 -0.003437163943669832 0.9971739146641284 44.63328354317058
0.9970894205965253 0.004244018874097712 -0.07612276688535484 -3.3014342099077485 -0.003988362013502707 0.9999858856663912 0.0035101903721695307 -0.6261228140045588 0.07613658977741918 -0.003196368532560915 0.9970922740274689 45.25746812750294
0.9969879395507676 0.005607844372817586 -0.07735373599125707 -3.3680027087844455 -0.00529757917643977 0.999977081874392 0.004215611561973306 -0.6319777247169593 0.07737560368219541 -0.003793126344110148 0.9969947984555152 45.88486019562597
0.996835293135048 0.006686128381896939 -0.07921296641096008 -3.4207225004316832 -0.0063644811444080315 0.9999704482172128 0.00431231631787526 -0.6395634989449909 0.07923945822710768 -0.0037945196697041546 0.9968483886130081 46.49626927930124
0.9967224651267511 0.006277984094941039 -0.08065304970896203 -3.478719109679741 -0.005925277402537514 0.9999718111233221 0.00461172922466309 -0.645687526750266 0.080679728552813 -0.004118722428416147 0.9967315674373927 47.100819585364555
0.9966466575979718 0.006301751419142567 -0.08158264415819655 -3.5427645240339585 -0.0058442863460374216 0.9999658397673569 0.005844964967009832 -0.6562137036960864 0.08161669079236845 -0.005348572464819326 0.9966494411560622 47.6954037795678
0.9964926550108189 0.008758298562251104 -0.08322067480971128 -3.59739326732411 -0.00804962998338986 0.99992846217442 0.008847258932872278 -0.6703710945046404 0.083292208318784 -0.008146332904399036 0.9964918691557854 48.26022077931628
0.9963664277652758 0.010296970629641012 -0.0845453370572019 -3.653922279350007 -0.00924361863906288 0.9998748237145977 0.012841044200235909 -0.6761684574617366 0.08466697784094505 -0.012012880485096425 0.9963368875865891 48.83941331500865
0.9962046880090499 0.014024629304294005 -0.08590418710207443 -3.7224070045846887 -0.012820866460338682 0.999811964259912 0.014548591201114477 -0.6812298521644202 0.08609207264317166 -0.013392008647256974 0.99619717382273 49.42662950672354
0.9961134955796295 0.01707264442381718 -0.08640849921454198 -3.7925740350200288 -0.016276008681177925 0.9998183697717201 0.009915594204333692 -0.6862082190009471 0.08656209023320607 -0.008470671720283658 0.9962104457668898 49.987168420490384
0.9960516528750926 0.01669201536390298 -0.08719220967430202 -3.851942476835281 -0.016525313828090853 0.9998599798000195 0.0026334003081005574 -0.6990672730621603 0.08722395776206911 -0.0011821241013318942 0.9961880263157801 50.505129865600075
0.9959053208643094 0.01549964317867912 -0.08906375769913491 -3.90213209218257 -0.015842861645502776 0.9998695385315666 -0.0031479599025500894 -0.7099817135524296 0.08900334605529128 0.004546094807674027 0.9960209522961658 51.012495542959726
0.9958969235580418 0.016165190701370992 -0.08903934106458805 -3.9613065396021163 -0.01660738511970822 0.999853150097656 -0.0042276470138815575 -0.7208082763805963 0.08895792492585083 0.005689011282879578 0.9960191377395864 51.507831255752954
0.9957474037095063 0.01882713596918865 -0.09018118959613866 -4.005493889598128 -0.01894649168196385 0.9998203897885051 -0.0004675640074891737 -0.7355434505937849 0.09015618924245952 0.002174192805079117 0.9959252654827687 51.98568206818684
0.9955928730958471 0.018929593110780067 -0.09185043029521252 -4.052985171129161 -0.01882096144291237 0.99982077080526 0.0020488232561104492 -0.751332448765613 0.09187275140714854 -0.00031108042491472405 0.995770706928984 52.46316679561692
0.9955289324647911 0.016097807937455855 -0.09307526634461336 -4.0996927379675485 -0.016253412776423552 0.9998674868370593 -0.0009139689582010096 -0.7650431633186983 0.09304821974992887 0.002422673264439147 0.9956586560943572 52.92992651844508
0.9954954822668924 0.007766228473952689 -0.09449037242753586 -4.122118793183265 -0.008365391254657309 0.9999473281207273 -0.005946529523255367 -0.7785103916003199 0.0944392133351424 0.006710192210722816 0.9955080151887947 53.36196375173727
0.9955390352958582 0.0037786941620290577 -0.0942748676616334 -4.15550075548689 -0.004742202398321592 0.9999387712647031 -0.009998261751193631 -0.7989105005003476 0.0942313149574067 0.01040073036194608 0.9954959990323089 53.76903643029421
0.9957838870132103 0.005931456988750549 -0.09153834269227915 -4.1888777665005 -0.006865843667368863 0.9999274613725007 -0.009896069112404992 -0.8144328004590081 0.09147300451823895 0.01048283411739807 0.9957523786731679 54.16527836961296
0.9961473104848863 0.010856005323666517 -0.08702116387486823 -4.233995509530566 -0.011538147878207408 0.9999064959820374 -0.007339648251817868 -0.8171087600362111 0.08693334778590277 0.008315433923276255 0.9961794249036674 54.572632548704576
0.996517148354834 0.008987061454883602 -0.08290238694483897 -4.264523236679048 -0.00933736216388836 0.9999490376954414 -0.003838708086988294 -0.831335079478777 0.0828636633426619 0.004599428047367836 0.9965502789920184 54.96115701086129
0.996974460187351 0.005476891317779725 -0.07753663260439295 -4.2839991341838095 -0.005391570495014328 0.9999846077217291 0.0013096897389319891 -0.8488063824395619 0.07754261216732802 -0.0008876829998511832 0.9969886435246681 55.342726901121004
0.9975216525799852 0.0006741733044574216 -0.07035693373397284 -4.297733583089803 -0.0002965136838625992 0.9999854941015864 0.0053780727064825975 -0.8663194734837797 0.07035953889648773 -0.005343882180258304 0.9975073825338415 55.71379016298422
0.9982019097204495 0.004081824337144608 -0.05980205799572752 -4.323218750731452 -0.0037677230998117797 0.9999785147550421 0.005364167310753705 -0.8746599418958855 0.059822668722540204 -0.005129204458326772 0.9981958422917502 56.078163918704
0.9989568545632445 0.009519113637525282 -0.044660823958602276 -4.34637788757474 -0.009310764262225891 0.9999447907054111 0.004870853103881745 -0.8789646756298701 0.04470472447022339 -0.0044499456920572 0.9989903330830474 56.43987533039964
0.9995435390020055 0.014582710075524963 -0.02645861308149255 -4.363665345258799 -0.014465967189881504 0.9998847888517254 0.0045983492904162196 -0.8754979477021331 0.026522621148825844 -0.004213500894582541 0.9996393334486222 56.794607478863114
0.999911060944914 0.01259452921222573 -0.004387258134150187 -4.365155736239711 -0.012569631898972379 0.9999049968331986 0.005657001142011476 -0.885351028983662 0.004458088596870477 -0.00560135179388244 0.9999743748237462 57.137035431685455
0.9997402167451517 0.008976664958249864 0.020950382062899082 -4.341055959029724 -0.009124063379947981 0.999934217844127 0.006950643990865975 -0.8930961344578157 -0.020886610299250666 -0.007139990943721954 0.9997563553384041 57.473333447581254
0.9987238558492693 0.007765372803834768 0.04990349429430949 -4.316947634332146 -0.008197494388662586 0.9999306096770737 0.00846031421271326 -0.8991428557421081 -0.0498343339808262 -0.008858601246668847 0.9987182106783867 57.8019785854242
0.9966300796194579 0.006813923810737882 0.08174383670963492 -4.2724685053150715 -0.007647126239582271 0.9999219099567872 0.009884100800828513 -0.9052790528417519 -0.08167010382009979 -0.010475897606722066 0.9966043596690443 58.12606129244988
0.9928471575139184 0.0068017487545499866 0.11919839776779667 -4.224969128802673 -0.008088148115595648 0.9999141223465156 0.010311633820702278 -0.9062102719713045 -0.11911802414660042 -0.011201970624495494 0.9928169076811374 58.451316338046865
0.9872460652030112 0.006258248649218635 0.15907872599758272 -4.15386471651535 -0.008039583524374021 0.9999119565052368 0.010556719879696266 -0.9124853601140477 -0.15899865357267678 -0.011701006867288382 0.9872094583219744 58.753605719434915
0.9791926398459093 0.006061990498841967 0.20284236821430823 -4.061354581679788 -0.00835186127168052 0.9999106760474428 0.010434861745057221 -0.9137748194759032 -0.2027609934994788 -0.011911851137914056 0.9791558033926834 59.064170325174366
0.9682330406441297 0.007763479631344913 0.24992900469740248 -3.9600003668436004 -0.010286786115832247 0.9999084420619161 0.008791446110440948 -0.9233575454165384 -0.24983786950025755 -0.011083134814635505 0.9682242524778294 59.35047048488595
0.9533986251927494 0.00875648200229692 0.30158644781143085 -3.840604071229775 -0.011034549364715296 0.9999220003256732 0.005850810628916499 -0.9288837128383728 -0.3015116916487506 -0.008906025355976116 0.9534208842433998 59.63089295759584
0.9343177765602825 0.008310105561290387 0.35634426408882774 -3.714296125969872 -0.01047985200279038 0.9999364368704918 0.004158716236800461 -0.9397389236159127 -0.3562870543612941 -0.007619997657406201 0.9343454770748625 59.89069426318408
0.9110086298469947 0.008674564309199672 0.4122960444611912 -3.5698493083182226 -0.010559227882825588 0.9999416201962495 0.0022932304314891667 -0.9420811354951495 -0.41225208192417623 -0.00644268060196727 0.9110470420432977 60.14365185426929
0.8821664109760359 0.009097356143142698 0.4708499351777189 -3.427029890688256 -0.01028106184570396 0.9999471468100263 -5.791205937078199e-05 -0.9419555705924862 -0.4708255761032765 -0.0047897492300392076 0.8822133161482715 60.38661643254106
0.84940461114197 0.007175436269376361 0.5276933955291656 -3.262251379623724 -0.0074318479690466035 0.9999710473938216 -0.0016346283559498804 -0.9501096596566765 -0.5276898466016962 -0.0025332762267942497 0.8494333454162462 60.60568093557595
0.8128969196498487 0.006442699304970488 0.5823719512901105 -3.088447428121647 -0.006568259232314154 0.9999766343833631 -0.0018943753514785479 -0.9643072550529643 -0.582370548701119 -0.0022852380578233153 0.8129202431312529 60.81602455453758
0.7741965640103621 0.005538987248854429 0.6329210060464135 -2.898391546156556 -0.006194068522814743 0.9999801266774423 -0.0011746341108320741 -0.9690637312609588 -0.6329149340864711 -0.0030109583884036224 0.7742154870188918 61.00687228999221
0.7315579788695858 0.005033278746517877 0.6817606542308704 -2.701578901392765 -0.00773753654459125 0.9999696414536864 0.0009201625946110976 -0.9734166215922448 -0.6817353255336457 -0.005948300264719822 0.7315747150110462 61.19444302502678
0.6866118904993781 0.0035803591194109837 0.7270153319246053 -2.4875974548356536 -0.006904444819947588 0.9999748902039274 0.0015961213503979256 -0.9792570372625222 -0.726991362030249 -0.006115553140391272 0.686619370206805 61.36818989732139
0.6415405473553081 0.002059517807728902 0.7670863605132406 -2.2562257224469167 -0.004143867936613503 0.9999911092963035 0.0007808244780398969 -0.9875633783791322 -0.7670779324537852 -0.0036796351369731816 0.6415433779782036 61.51420571399045
0.5955772317882078 -0.0009970896832709993 0.8032974335746735 -2.0141059065524254 0.0011336531132544068 0.9999992771199852 0.0004007369699472809 -0.9966464314147839 -0.8032972524577142 0.0006719908212060278 0.595577931611156 61.65772226819159
0.5493171943985802 0.0009968141547791031 0.8356133234335192 -1.775431102464431 -0.0013060422234162622 0.9999990912336847 -0.00033434339919854604 -1.0063321813648354 -0.8356128973345143 -0.000907685704838707 0.5493179970789951 61.79645395957251
0.5019404044892375 0.00408239994635105 0.8648925738794712 -1.536365200958922 -0.005908249102508941 0.9999817125496594 -0.00129118503158894 -1.0137733247469483 -0.8648820283331835 -0.004461902836362837 0.501955345114838 61.9262457460861
0.45670988742514046 0.006210831180449858 0.8895940109421608 -1.2939195286419978 -0.006933544756930486 0.9999701081191805 -0.0034218160691110093 -1.021235323691832 -0.8895886716259473 -0.004605262658650714 0.4567392985835861 62.03425809279015
0.4149867004075664 0.0030927312230370567 0.9098222208203208 -1.0312071941483905 0.0001800725311814692 0.9999939237526775 -0.0034813835757145375 -1.0280261741998051 -0.9098274594991744 0.0016085618731692753 0.4149836219298016 62.128186097598686
0.3763241705116574 -0.005288730641898028 0.9264729612983365 -0.7657008155123957 0.016006194461692408 0.9998715775364782 -0.0007938347199381019 -1.0296436511061215 -0.9263497829802548 0.015128045574548225 0.37636049448570913 62.1928089962496
0.3420906272397451 -0.00895246782247297 0.9396243164555735 -0.49275704085079136 0.020104079475032958 0.999795457898892 0.002206434499296016 -1.029196904980389 -0.9394518767574936 0.018135481372871118 0.3422006364286826 62.26217962058866
0.3094155254546867 -0.0047686963052089425 0.9509149762955398 -0.22644388930553538 0.01683587084060857 0.9998581590018245 -0.0004640371905655447 -1.0363542906181544 -0.9507778847136881 0.0161530620324639 0.3094519228027795 62.339756330010594
0.27864196067616687 0.003313620090088304 0.9603893365049603 0.04432014967802972 0.004697579494943 0.9999773829614729 -0.004813139558106789 -1.0486298598348527 -0.9603835642582742 0.0058526478978090345 0.27862009262641935 62.423976013467744
0.2507775338822666 0.007509555251071878 0.9680156171673354 0.3234755371914726 -0.00038139145430902944 0.9999705993999173 -0.007658647160030008 -1.0640459762166083 -0.9680446699613006 0.0015514237636429513 0.25077302495248316 62.494343406236794
0.2258083494158773 0.009209206920663416 0.9741282152991808 0.6099610739210057 0.0013060892192322724 0.9999515552049838 -0.009756094202019743 -1.073003252342733 -0.9741708697477175 0.003475305888657684 0.22578538213080163 62.548121514018725
0.2031020214232637 0.010361302222384095 0.9791027588103498 0.9080545466477354 0.008755609842349124 0.9998848144624936 -0.012397463594872427 -1.0776728490481267 -0.9791184341999023 0.011090591668352565 0.202987907488041 62.591405877774434
0.18369085242517424 0.016179242889620346 0.9828509056997551 1.201605192742803 0.016400927986780636 0.9996749082588071 -0.019521458933968384 -1.0783406280250687 -0.9828472314131433 0.019705580358288996 0.18336578144860624 62.628740005702454
0.16452958015444766 0.022607743740893013 0.9861130296153402 1.4933240519769893 0.01784384442537899 0.9995054794088364 -0.025891964927894195 -1.0830578602780014 -0.9862107353250218 0.02185604160525693 0.16404480782708578 62.670025435851905
0.14713983945067988 0.02378848108896172 0.9888295989774506 1.8040185226124965 0.015046106158629297 0.9995412498116483 -0.02628506447440038 -1.0917025827729938 -0.9890012549718464 0.018745615285725107 0.1467144150098021 62.71814692995834
0.13230095913930867 0.01969539221125071 0.9910138988613941 2.121953667916128 0.012923256600151315 0.9996833168154637 -0.021592950693942313 -1.105665834516064 -0.9911253430569018 0.015663894996760047 0.13200453304286594 62.76021742441841
0.11825700063411618 0.015901388023966234 0.9928556932706443 2.4602294253439094 0.013522113231198991 0.9997532704273872 -0.01762244941821552 -1.1226604079275573 -0.9928909478159124 0.01550948511867242 0.1180128027654993 62.796030917384165
0.10507746656598849 0.013735379616921424 0.9943691796143173 2.804532942724199 0.015564318645017542 0.9997594254002619 -0.015454556235814055 -1.13193221663712 -0.9943422338436526 0.01710060437846533 0.1048384057714612 62.83246146216018
0.09383980644130316 0.013127622717745372 0.9955007565285107 3.1668141006471395 0.019136383768352437 0.9997045517492564 -0.014986928573927298 -1.139759305461356 -0.9954033803153997 0.02045665499514424 0.09356086640834836 62.85941667557013
0.0839983781173451 0.013670789183985293 0.9963721102061922 3.5434537245221955 0.02240743124404355 0.9996271339272386 -0.015604491066662311 -1.1478998215894516 -0.9962139225581492 0.023636891493876717 0.08366073070328749 62.88216473970755
0.07640983481756473 0.014142145571465014 0.9969761967378087 3.9312812655778955 0.024463544535047003 0.9995718121415198 -0.016053889276175386 -1.1564986863224809 -0.9967763400743063 0.02561624661705182 0.07603115004601999 62.91409526724518
0.07073987780106 0.014155792566501466 0.9973943468987094 4.329242188683093 0.025083125751375956 0.999557871880257 -0.015965511728217464 -1.173148513708346 -0.9971793752837183 0.026147166175660066 0.07035353018684222 62.94961018714893
0.06553821573374306 0.01541472879435338 0.9977309900041351 4.729116963742345 0.02611659469136128 0.9995116480103571 -0.017157767143142162 -1.1831941278845022 -0.9975082284172694 0.027181825321488134 0.06510362979149364 62.976703793218086
0.05940337918299374 0.016215010061900282 0.9981023554677805 5.14119029295847 0.025872179248983742 0.999507171321777 -0.01777764937326843 -1.193803368016533 -0.9978987267666719 0.026879135496201103 0.05895458584730461 63.009738160842254
0.05508903717355387 0.01586932520982506 0.9983553287786234 5.569028726621928 0.0285237630969239 0.999440606278584 -0.017460511455214232 -1.2057425916369755 -0.998073941610578 0.029438733649261733 0.05460556783924826 63.030111819488575
0.05204457549752452 0.01601611683715961 0.9985163224318063 6.0059123716124265 0.030159732453000843 0.9993900920523316 -0.01760211481574773 -1.2158413969405768 -0.9981892369183512 0.031031079727944853 0.051529791298552015 63.060185805622424
0.048748910817410035 0.015837166226541244 0.9986854999748556 6.456370977020873 0.030879114106375973 0.999372438905521 -0.017355364243595267 -1.2268993055429303 -0.9983336235979013 0.031684578613824475 0.04822928023455298 63.08442909284568
0.04696463414032011 0.015192486131824596 0.9987810127876872 6.91782655057429 0.03390266454739231 0.9992840239843551 -0.016794306958406075 -1.2409414523694502 -0.9983210568132114 0.03465007611479044 0.04641594282772515 63.10036186583139
0.04638558704680884 0.01436145002025632 0.998820367267126 7.393481313576027 0.0387657600149877 0.9991175484758803 -0.016166019237859184 -1.2557063392766943 -0.9981711241890227 0.039469900948120314 0.0457879214898709 63.121934922235944
0.047608590486725944 0.013993698165976926 0.9987680403995237 7.880229176630493 0.04260351359439362 0.9989634970660972 -0.016027231790854322 -1.2679781456833406 -0.9979570946394805 0.043314061701776395 0.04696306333295865 63.14887219545636
0.05021002876814233 0.013931334358832896 0.9986415127232007 8.37304709017554 0.044683913183874525 0.9988701207314326 -0.016181156094068255 -1.2797239096507822 -0.9977385934771053 0.04543566696932491 0.049530790962538616 63.18072608153321
0.05483366325927603 0.013699425999813613 0.9984015199812359 8.87876092721384 0.04756122696736546 0.9987350566842906 -0.0163161343208857 -1.2951468069532373 -0.9973621203268754 0.04837987471143793 0.05411274027416179 63.20442971560202
0.059537921704451956 0.013247713226256267 0.9981381337136596 9.409784867993555 0.04800988070692745 0.9987167891248309 -0.016119133806940165 -1.3070019103069521 -0.9970708536676894 0.04888019245517217 0.0588255008642049 63.234242957393036
0.0631969825855387 0.011787245727697486 0.9979314616897473 9.951714957169497 0.04916356571149452 0.9986794532369071 -0.01490951001727381 -1.3186165559860745 -0.9967893885864798 0.050004105037275294 0.06253402498485816 63.27789130383487
0.06674361014991054 0.010381585657993892 0.9977161486030884 10.508341587609532 0.04882217752619597 0.9987141002779998 -0.013657997199341014 -1.3312987862815797 -0.9965749773528086 0.049622258968357154 0.06615093294217683 63.32620779708582
0.07126035081927606 0.008191499379879815 0.997424113273296 11.073310875484465 0.045998819957656735 0.9988754144615789 -0.011489775746430368 -1.3459653527877533 -0.9963965430307405 0.04669909765841241 0.07080341315412493 63.37556731654967
0.07510076928925605 0.00795042199310107 0.9971442549813397 11.660914115663077 0.044750285642505744 0.9989338954655975 -0.01133509703672636 -1.3506821449652942 -0.9961713137744279 0.04547376474462808 0.07466492036341131 63.434666287573826
0.07866044723846881 0.009028609117193966 0.996860581153478 12.245781852799356 0.04226242335778246 0.999029802481503 -0.012383106463545636 -1.3641482223171397 -0.9960052317192742 0.04310380460202112 0.07820256016691275 63.50201303776601
0.08172159885751196 0.013703857932917146 0.9965609788457116 12.819273138514907 0.0399499832373751 0.9990568127536348 -0.017014221400696587 -1.378947022780064 -0.9958541957131575 0.041203023776093355 0.08109705119301093 63.55822509082134
0.08288322063401335 0.019890506539978058 0.9963607476646765 13.413064074840493 0.03453171356495466 0.9991430688685252 -0.02281860403800993 -1.3841184713597607 -0.995960808714678 0.036297323338767826 0.08212534214747616 63.63242724157954
0.08259481377511559 0.02255781405881362 0.9963278786435412 13.98344199071631 0.03210833602357111 0.999164543235559 -0.025283795179210672 -1.4082187056186712 -0.9960658369280846 0.0340787406714983 0.0818015155054831 63.68704025084758
0.0820690299835309 0.022679080879177867 0.9963685731736198 14.56785490016332 0.029360185681522166 0.9992521203065837 -0.025163059423162864 -1.4246934020519189 -0.996194084410414 0.03131867419389307 0.08134179019685021 63.75878249634434
0.08284093667091218 0.020479379777023566 0.9963523343754613 15.143907269696975 0.026655450859632605 0.9993855920519028 -0.022757973075985267 -1.4543173642084029 -0.9962062367556981 0.028443512494176586 0.08224415143971285 63.79685082592183
0.08291025174044711 0.019244251342095835 0.996371190343546 15.736532067674915 0.02767518586982425 0.9993834565200304 -0.021605344735439666 -1.4771108757801656 -0.9961726628669352 0.029366062459055323 0.0823265457324971 63.853619496235375
0.08387724435868467 0.018811054061853624 0.9962985256055898 16.332916520623517 0.025226906081193157 0.9994612699948264 -0.02099459430161374 -1.4961854563489467 -0.996156720144154 0.026894498050736397 0.08335751247629207 63.90190482419864
0.08377056674243755 0.01898653895129881 0.9963041721714799 16.927415851287922 0.02383520349040153 0.9994942323447357 -0.0210514271290355 -1.5218537882800527 -0.9961999674875605 0.025510602663384684 0.0832756502798347 63.97123781735235
0.08352142488955171 0.01983507458928651 0.9963085573257177 17.517094701521717 0.020361813872931445 0.999559175529455 -0.021606738547760625 -1.5442319061620706 -0.9962979314041647 0.022091274995004854 0.0830807285047041 64.04576197242278
0.08162035674154637 0.021693615185087865 0.9964273703715592 18.10333454794005 0.01752831545413967 0.9995772163666912 -0.023197988661696346 -1.563260926633718 -0.9965093454266836 0.01935912138527005 0.08120559646026757 64.11436215222908
0.07931558565355862 0.02159659566076735 0.9966155853328277 18.682071196213734 0.015192881894178329 0.9996229782884478 -0.022870890176672726 -1.5838996398487553 -0.9967337729866371 0.016955480930644275 0.07895756742851368 64.16282231608078
0.07503249545945534 0.020285758455101915 0.9969747301857879 19.25537344751727 0.012705459895123271 0.9996924514549955 -0.021297271955465602 -1.606828471433183 -0.9971001433727582 0.014265009912128328 0.07475167943415656 64.21718195611766
0.07009167702483156 0.0177133755710776 0.9973832729386035 19.822043320550804 0.011279993747386852 0.9997643320711902 -0.018548370798940714 -1.6287368021526247 -0.9974767759466389 0.012550563497875866 0.06987535189879471 64.26572786943858
0.0637871538998506 0.01596004077949663 0.9978358963755863 20.391328626728253 0.009064107894482164 0.9998216022451042 -0.016571229046121235 -1.6493451032383695 -0.997922362183266 0.010101523763214137 0.0636311108831792 64.31506127471715
0.057266701868375965 0.016060592539315018 0.9982297241739503 20.95621333673571 0.009092441428437093 0.9998207380433963 -0.016607808019668956 -1.670361848414869 -0.9983175107980348 0.010027419689730931 0.0571104061303823 64.34688478416112
