1.0 0.0 0.0 0.0 0.0 1.0 0.0 0.0 0.0 0.0 1.0 0.0
0.9990755013379189 -0.0004609182584939084 0.042987558441304266 0.018397206039503646 0.0005779234775597776 0.999996162431546 -0.0027094513531952594 -0.015194229291963715 -0.042986144638006915 0.002731789988310432 0.9990719336927748 0.6497744530362053
0.9961486230497325 -0.004987147648945909 0.08753884368924576 0.06499017577262427 0.005657009240479003 0.9999565756063478 -0.007405751013803071 -0.034583901367771244 -0.08749810879428048 0.00787243672269989 0.9961335782401229 1.2798977514493615
0.9911515633280247 -0.004527790201393819 0.13265774620543838 0.1485208806109038 0.006061281020697425 0.9999193743587476 -0.01115821017896877 -0.05862582971542146 -0.1325965285548702 0.011863553342150992 0.9910990953064659 1.8888147684780363
0.9839474495903315 -0.00257607349665122 0.17843985062206133 0.24830389867552222 0.005015631335581369 0.9999000082995586 -0.013221832128996167 -0.08449900464849278 -0.17838794770664654 0.013904576508533653 0.9838619836466541 2.5055729881806914
0.97460757781836 -0.005679681179805123 0.22384773950327688 0.38911350369375863 0.00888625197892929 0.9998717976310003 -0.013320016062979131 -0.09837919099983046 -0.2237433882482298 0.014970956009781636 0.9745331018961622 3.21517842271688
0.9629631204601269 -0.006125034282859256 0.26956355945997357 0.5454185799162046 0.010465172684396706 0.9998376748084343 -0.014666430866045637 -0.12051384491173266 -0.26942997011168346 0.016944261231949354 0.9628709068285953 3.851355035342461
0.9494950757561451 -0.009086351374382585 0.3136503456614316 0.7366629412800574 0.015264579621560335 0.9997347220068286 -0.017247557012655932 -0.14162868856292626 -0.3134104237638105 0.021164211127019154 0.9493818949419461 4.499085246366343
0.9345668801151273 -0.010897708059592504 0.3556205654218095 0.9589026260057593 0.018799888827632734 0.9996470161471012 -0.018772514170039913 -0.16450944223243602 -0.35529045972548745 0.02422979709456125 0.9344418687969889 5.117852820808194
0.9175642723463714 -0.01143236860066906 0.3974230832018374 1.201870075783728 0.020791413098882872 0.9995985313816139 -0.01924819994364239 -0.1897399885554267 -0.3970434777890548 0.025924448073147085 0.9174335941839473 5.687992764778406
0.8984556465933475 -0.01210953263444572 0.43889726625248787 1.4676001037987256 0.022144858097950554 0.9995971460656435 -0.017752488198570233 -0.21582546318878537 -0.43850548042681686 0.025669140943827266 0.8983618640830949 6.252326844644188
0.8766747782784035 -0.011554811359210639 0.48094471560145835 1.7680511206193823 0.02246347867613991 0.9996042865838981 -0.01693110654568342 -0.23849272431810817 -0.4805587635828538 0.025646765440260764 0.8765874275656546 6.827601767906893
0.8529842433468043 -0.011803499325382794 0.5218031793749035 2.093356995483682 0.02343096145585094 0.9996023175602057 -0.01569065879809855 -0.26359201728744097 -0.5214104627328997 0.025610234905982677 0.8529215938295411 7.388473663786239
0.828025266676481 -0.012860147927233655 0.5605432849839829 2.458075213601973 0.02589027216181931 0.9995475040552867 -0.01531277062558116 -0.2909406919091232 -0.5600927169252713 0.027191979187518128 0.8279835413310668 7.92885229744112
0.801424598344543 -0.01531497715484865 0.5978997111916321 2.844601159603018 0.029973037460962786 0.9994444322278498 -0.01457545588011711 -0.31683079257929986 -0.5973443146072914 0.02960199931585702 0.8014383890498696 8.443850045839051
0.7731134834571834 -0.01387625890420666 0.6341159130123813 3.241941800337297 0.030501586743560072 0.9994173453180175 -0.015317411126234184 -0.3386406498176966 -0.6335338940442163 0.03118363859956761 0.773086273180985 8.956200945920889
0.7437509367481163 -0.017285091878117106 0.6682333197956143 3.67416676348921 0.03576069562245522 0.9992629540739338 -0.013954256126065663 -0.35916492595397326 -0.6674996005503683 0.03427497941937808 0.7438208850596366 9.442240015303213
0.7125370853664976 -0.016112251743027845 0.7014494260609165 4.119000273170208 0.03603214527768632 0.9992574214820981 -0.013648813854507683 -0.3776257888570601 -0.7007086316609122 0.035000013667377115 0.7125885296292502 9.904129923637754
0.6788092486387383 -0.014877159818974571 0.7341639286141995 4.568080928261201 0.03704572560586872 0.9992154383380181 -0.014004356511307705 -0.4026141605983697 -0.7333795866922188 0.03670392217027774 0.6788278161069048 10.336041639046805
0.6443441710315696 -0.016367799117889093 0.7645604517693019 5.0415851697692515 0.04225243659369645 0.9990057387466164 -0.014222009464972287 -0.42190688489335804 -0.7635674959422633 0.04146841090954063 0.644395103982875 10.737694046221925
0.6085741694083264 -0.014670919994430737 0.7933613580427811 5.514701478497548 0.04218295075764266 0.9990134303120384 -0.013883973550500741 -0.44894112535673514 -0.7923749611101725 0.04191575077091766 0.6085926312756049 11.109767181499825
0.5721425152206817 -0.013712878789693133 0.820039571747763 6.016470775711014 0.04581451320351385 0.998833368381194 -0.015262129215889797 -0.4681735143156883 -0.8188735999266797 0.04630182678444283 0.5721032845383294 11.456628059146245
0.534526633886269 -0.012169513579466764 0.8450640097681698 6.507237583833647 0.05092176415717657 0.9985434768621929 -0.017829715395472914 -0.48851936948158536 -0.8436161755213907 0.052562607956623826 0.5343677765766396 11.772706649396621
0.4969231589512318 -0.011308273559893365 0.8677208635540734 7.022120572578319 0.05274686916943799 0.9984598673814881 -0.017194796345483897 -0.5072240165646053 -0.8661900148874687 0.054314051382998225 0.49675430741123194 12.072542106076732
0.45861505492192395 -0.013336968370373826 0.8885349496073033 7.54825473966958 0.058126134190513996 0.9981962694008989 -0.015018664327895845 -0.5295231396560633 -0.8867319684792184 0.05853488727942677 0.4585630633273414 12.355453611893
0.4227451807312286 -0.014179515218558553 0.9061376570459326 8.077942207202602 0.06257541608796481 0.9979478794815313 -0.013577449677027882 -0.5486669709170527 -0.9040856317130264 0.062441742340206254 0.42276494573649087 12.596643425023878
0.3881602041084326 -0.011622099319511837 0.9215186285441614 8.621613529260104 0.06396041399282225 0.9978491650817571 -0.014356503317508939 -0.5680694333755185 -0.9193697413926398 0.06451333624178926 0.3880686898715034 12.834906196541874
0.35532276621431214 -0.012625387385073163 0.9346584035909541 9.171625915797659 0.06523459589007147 0.9978057291483778 -0.011321412355929891 -0.5852710286988456 -0.9324645726829893 0.06499481880927659 0.35536670386950897 13.053973677177408
0.32250344036517065 -0.014544182164456325 0.9464565482460355 9.759746454268436 0.06733250736942804 0.9977015557610023 -0.0076117726858713555 -0.6037405548859062 -0.9441704636367183 0.06618211538809025 0.3227414804433748 13.264669848660027
0.2902110579048619 -0.014838075142481009 0.9568476228720074 10.33798352661971 0.06838904915090771 0.997644800547274 -0.0052716123932308795 -0.6223472079341054 -0.9545158352934624 0.06696777932002623 0.29054231483033116 13.447554333337326
0.2587748605823359 -0.011159456306075588 0.9658731997863642 10.939463587531396 0.06610307854547465 0.9977936492556546 -0.00618195049271467 -0.6273197515455503 -0.9636731575266605 0.06544692536732553 0.2589415868927954 13.618599151944787
0.22828223580647775 -0.009368110437265655 0.9735499264660419 11.536575496309666 0.0659238988776356 0.9978074663428742 -0.005856591772067039 -0.6407858788252672 -0.971360520286864 0.06551716276860949 0.228399301686287 13.769566357124605
0.19707409623199293 -0.009208143954901474 0.9803453527605737 12.149127063724366 0.06749289522433516 0.9977109292492227 -0.004196516518312028 -0.6548719360302127 -0.9780626307596975 0.0669933708777019 0.19724446397772932 13.923710314015468
0.1666912797273383 -0.009591119384312032 0.9859624879739708 12.759801251809485 0.0692497759267481 0.9975973411143515 -0.0020033810596781156 -0.6685907236203851 -0.9835743417744065 0.06861162751699536 0.16695496031118984 14.036611785127963
0.13646304217322752 -0.010134727644211755 0.9905933198928861 13.388832386348918 0.0676984240568839 0.997705440728363 0.0008814313566034809 -0.679634215395976 -0.9883292778730385 0.0669413238336356 0.1368360247243303 14.14412498138302
0.10786655924043377 -0.009929014838882479 0.9941157981150704 14.027755066188647 0.06872671510985416 0.9976323741055022 0.0025069437224234234 -0.6805030149824216 -0.991786995290742 0.06805189784971163 0.10829356015577746 14.2056426057639
0.08052462552399334 -0.009718510480149203 0.996705239897068 14.686366417226978 0.07148937712604041 0.9974335401591441 0.0039499270533367775 -0.6888628966998152 -0.9941856233331633 0.07093577038168429 0.08101273256720323 14.273516530650163
0.055368257867058436 -0.009166652322097716 0.9984239222424395 15.366554224064753 0.07577285330641312 0.9971128053743026 0.004952581184633859 -0.6923156574272432 -0.995586676649789 0.07537921360555239 0.05590298233222208 14.334129896053925
0.032445818258502006 -0.008809805380486696 0.9994346683033857 16.044490619513628 0.07994090795433707 0.9967803771966083 0.006191193036948633 -0.6932891017611168 -0.9962714088605436 0.07969483650113475 0.033045618803177794 14.363037627305408
0.011835380836578929 -0.009020603641467733 0.9998892701046457 16.713034108036172 0.08576856255358518 0.9962831862784395 0.00797285496984603 -0.6984439195913332 -0.9962447879100517 0.08566470363470673 0.012565075138378444 14.378455688971007
-0.006450233812436051 -0.009373412635693756 0.9999352647143368 17.429125620916583 0.08993597123656115 0.9958981874076513 0.00991571459295326 -0.6926448173665881 -0.9959266617384533 0.08999410788331452 -0.005580769192969908 14.391544453853573
-0.02086957860105118 -0.009390221861814133 0.9997381079174713 18.136006735698558 0.09343373952048799 0.9955613562822976 0.011301424537060649 -0.6921527924604385 -0.9954067495291717 0.09364512593154724 -0.019899582433627664 14.364968556286446
-0.035029530190090995 -0.009964031835118778 0.9993366049956617 18.805365188989207 0.0960974176611365 0.995283179016931 0.013292098585633174 -0.6958921435732852 -0.9947553560215302 0.09649928308302624 -0.033906784438216514 14.351429612129772
-0.047898748474521406 -0.011768593131342951 0.9987828643455435 19.487932127478544 0.09608884130559608 0.9952387166476437 0.01633497664818502 -0.7068337585136459 -0.9942196158148968 0.0967543130886573 -0.04653985848302464 14.325989531990146
-0.05999019413988535 -0.010937206098168074 0.9981390454890691 20.26939159775218 0.09559002949124286 0.9952815123299338 0.016651050300234692 -0.6895794113035411 -0.9936114546787995 0.09641104053480624 -0.05866164329503711 14.268168243518765
-0.07135403592675126 -0.008300073989395258 0.9974165179746823 20.974938901965672 0.09532270867377925 0.9953318595784607 0.015102003813246206 -0.6932972825629145 -0.992885785359049 0.09615403309197322 -0.07022975973254099 14.232466263040662
-0.08104232854967269 -0.004633999291601613 0.9966998881477903 21.695462121057517 0.09581005564250393 0.9953221725580075 0.012417972950004972 -0.6874576883112951 -0.9920950429374318 0.09650025318605486 -0.08021924279124563 14.174934499964412
-0.09036078624640168 -0.0024383303931925612 0.995906111465248 22.413263340855305 0.09697360640524225 0.9952235366457141 0.011235291146962489 -0.6877271420290111 -0.9911765977714015 0.09759183701155533 -0.08969272757039712 14.11984966756826
-0.09777941493014404 -0.0011740611856563608 0.995207419383646 23.15027632377889 0.09656582268082586 0.9952694956072946 0.010661754244769962 -0.6854713699640377 -0.9905121038664247 0.09714552328302735 -0.09720349479403151 14.0712547422821
-0.10311090330168089 -9.804155771530511e-05 0.9946698608122042 23.888222026456006 0.0963767044765259 0.9952937988643769 0.010088844153823311 -0.6813151092470846 -0.9899897335096731 0.09690327306117699 -0.10261619372923428 13.998658688744007
-0.1077925940915023 0.0017250288724586424 0.9941719071339822 24.63251256221114 0.09784058537875426 0.9951624679330591 0.008881569125092978 -0.6824259795877821 -0.9893472476899934 0.09822772873669952 -0.10743992179568376 13.92918961528603
-0.11197725687985487 0.00394644998939724 0.9937029332120085 25.35331545227491 0.09713859187317124 0.995246292456383 0.006993662897174217 -0.6779835546090427 -0.9889515599414149 0.09731003485922379 -0.11182830234398074 13.855554150105535
-0.11630593372535884 0.005197851504240409 0.9931998349375707 26.080428361222463 0.09711267012973868 0.995254309441925 0.006163508542017579 -0.6750006590122285 -0.9884543788564764 0.09716914055920739 -0.11625875899234628 13.78449563882367
-0.11868333317808208 0.004846920059601558 0.9929203260038952 26.824639183944026 0.09663779034909577 0.9952971150581077 0.0066925505937635715 -0.6688945223651113 -0.988218297696507 0.09674792050965172 -0.11859357476218517 13.701520106047958
-0.1209989418827112 0.002813080282925726 0.9926486501489795 27.585436426531277 0.09710914786665605 0.9952328934355414 0.009016719166657585 -0.672576439641501 -0.9878912234977463 0.09748627802537349 -0.12069530286172624 13.613210298622509
-0.12241871855972059 0.0017917723467597742 0.9924769251212133 28.307040036058932 0.09713353787946163 0.9952192493770305 0.010184374719991725 -0.6707123830046454 -0.9877138923621621 0.097649553103307 -0.1220075063818197 13.51946046241322
-0.12389741247495276 0.00296200340143955 0.9922906115235931 29.06257776779044 0.09993033366511088 0.9949490129928319 0.009507363365695323 -0.6645305603122925 -0.9872504036948219 0.10033786962277895 -0.12356760224254433 13.41600033455308
-0.12471646161370538 0.0032221027812468534 0.9921871911369493 29.856537086239573 0.09956587474776946 0.994987659388339 0.009284085879841718 -0.659062661580177 -0.987184096705506 0.09994586393933493 -0.12441215171015964 13.322674023371679
-0.12485379248443564 0.0045121835953787675 0.9921648908832947 30.684751889320513 0.10182885261089662 0.9947673894090616 0.008290099168675213 -0.6567671734081469 -0.986935871917826 0.10206606276074286 -0.12465995168585112 13.22053300902127
-0.1254345150962682 0.0045139411966569854 0.9920916322383947 31.53386638906393 0.10151805996948435 0.9947989958234315 0.008309116001258136 -0.6588582585221765 -0.9868942526545555 0.10175746775329772 -0.12524037621246883 13.12603854617623
-0.12513001357589867 0.0057058724919954625 0.9921239452415234 32.38411553699118 0.10070268670978662 0.9948920846416189 0.006979169497999963 -0.6645438981348987 -0.9870164378529485 0.10078285040896812 -0.12506545674772854 13.036692379997914
-0.12446634526499054 0.005649241824665347 0.9922077478850824 33.25816473148083 0.10155671227001868 0.9948045886325315 0.007075636265560867 -0.6664869239627833 -0.9870128484924995 0.10164603535044743 -0.12439340982646621 12.950822921202011
-0.1234411346823515 0.004395760953349812 0.9923421605242714 34.14241107684385 0.10084127503360364 0.9948692504046494 0.008137066356306516 -0.6717193361555204 -0.987214932787145 0.10107349744087657 -0.12325106326981045 12.854457111812026
-0.12026592949309832 0.005589819466114829 0.9927259743360709 35.0174219050191 0.10287753347043906 0.9946703566887961 0.006862552850145989 -0.6683517012316808 -0.98739673855558 0.1029545309489522 -0.12020002182562989 12.729582699173678
-0.11916338904129584 0.006522075326244191 0.992853236508617 35.9350378753205 0.10338456033079652 0.9946241106353827 0.005874625773705159 -0.6703542550822773 -0.9874774526020311 0.10334573564599618 -0.11919706173554638 12.630606589905089
-0.11815151558407315 0.007295698800418421 0.9929687770238319 36.86788231723033 0.10455516380677915 0.994505837830323 0.00513383314339852 -0.6733505021450197 -0.9874757906331275 0.10442658330339243 -0.11826517498002509 12.533858910174787
-0.11704116050388433 0.007647976899993686 0.9930976161471969 37.796541832441164 0.10425589965598944 0.9945397374600519 0.004627958492866387 -0.6720798364230018 -0.9876396479155845 0.10407794705041232 -0.11719943175181124 12.433644784624796
-0.11641966871351392 0.00634731893809766 0.9931798287716772 38.77504105202476 0.10645450259331407 0.9942987152196238 0.006124033818989936 -0.6733788991631994 -0.9874785565338826 0.10644142264599787 -0.11643162770849874 12.325523971015436
-0.11587373681921055 0.004592228256198705 0.9932533355369111 39.74684241356724 0.10765383797379266 0.9941565513019845 0.007962579535365099 -0.6745890627946046 -0.9874127446438287 0.10785018749630164 -0.11569100557929286 12.230920453318221
-0.11561577159763767 0.005538217340378125 0.9932785719558124 40.733209526730484 0.10930879282292541 0.9939819003232606 0.007181200551011237 -0.6800427296401149 -0.9872611514535923 0.1094043416800706 -0.11552536021182888 12.129780484766691
-0.11453926080183065 0.007929228092515308 0.9933870771641997 41.713136594358616 0.11234443961112861 0.9936566333997804 0.005022129934112659 -0.6818187322797306 -0.9870458371440648 0.11217674555125175 -0.11470350096705015 12.020868402607267
-0.11363249478910416 0.007207022020299251 0.9934967110975295 42.7167984014688 0.11142358313215826 0.9937575889144714 0.005535304588403873 -0.6923081747900531 -0.9872550031526766 0.11132795385029773 -0.11372618626117174 11.915704523012993
-0.11314227419939409 0.007485132080608207 0.993550601925604 43.754552968305646 0.11197147684429017 0.9936974747155064 0.005264704866644698 -0.6979992946576875 -0.9872493171242479 0.11184498889874266 -0.11326731344894883 11.812584102692128
-0.11272716999853143 0.006409292908130794 0.9936053070050225 44.77473985834131 0.11273124508073773 0.9936050308212537 0.006380369052119683 -0.7092076301576015 -0.9872103380367656 0.11272960432429528 -0.11272881079040542 11.701489350460735
-0.11290993095578655 0.006194110460982523 0.9935859200326673 45.81837595238739 0.11373023512896746 0.9934888684714323 0.006730664221478354 -0.7170482779216508 -0.9870748609447338 0.11376071913867918 -0.1128792171835954 11.601005635332395
-0.11271091126438884 0.005711060308218507 0.9936114100955727 46.88449050892624 0.11442275118796202 0.9934055490763357 0.007269736922390009 -0.720625882943248 -0.9870175705085118 0.11451112982805953 -0.11262111992416224 11.48054094216384
-0.11239337918341905 0.006391569500037835 0.9936432338395224 47.957275764688276 0.11556071341751611 0.9932779422911221 0.00668213082393452 -0.7388023724500246 -0.9869211973760434 0.11557714824842924 -0.11237647873373545 11.37542069536355
-0.1133148467507503 0.006776228232413834 0.9935360226165943 49.05968222184032 0.11534525503189874 0.9933049675888039 0.006380713520480029 -0.7568561145663052 -0.9868410295723808 0.11532269548682147 -0.1133378059527076 11.286731763837338
-0.11420478421041855 0.008077936337811589 0.993424387765863 50.22332300921338 0.11414287886382432 0.9934515405300088 0.005043790561620152 -0.7529977700636256 -0.9868782450070155 0.11396834456581849 -0.11437895771861517 11.175426625865013
-0.11493839817247994 0.008682377455986089 0.9933346772096814 51.34095566021426 0.1136898773077306 0.9935062258101736 0.004471137906205125 -0.7637504704636786 -0.986845366013994 0.11344600300642858 -0.11517911259671913 11.067746232061214
-0.11634992715630114 0.007799762732027718 0.9931776568932937 52.48516388580861 0.11306492504851147 0.9935726953147781 0.005442595768574586 -0.7737036715590022 -0.9867517505302404 0.11292680295770961 -0.11648399031305774 10.953792120705193
-0.11744394005041416 0.007864579022522205 0.9930483721059307 53.641954221749344 0.11360578495687447 0.9935103063688128 0.005567473689124261 -0.7785376765135877 -0.9865600065732254 0.11346990585941631 -0.11757522653385709 10.833019045449362
-0.11781420772405272 0.007456739569637955 0.9930076583256293 54.81413073500688 0.11101979894981887 0.9938017962959822 0.005709108513521488 -0.7780964430294285 -0.9868102232443133 0.1109161246792717 -0.11791181699319458 10.71052751209937
-0.11917542046569812 0.008038716998403151 0.9928406710977594 55.96320917214905 0.11133851368659192 0.9937683087138223 0.0053182672110471145 -0.7917699009312388 -0.9866108424940809 0.11117521137864723 -0.11932777483900547 10.585514572812636
-0.12134825135821607 0.009256536090790442 0.9925668332318527 57.17638538398742 0.1098582103389731 0.9939385567749908 0.004161607521895437 -0.7939556619579268 -0.9865119236549624 0.10954661973629395 -0.12162961231102709 10.441904497405506
-0.12537201144859508 0.01020818262947713 0.9920572824956944 58.40305359105617 0.10980140967785598 0.993946848709392 0.0036486125342273515 -0.8021567678186976 -0.9860149639726985 0.1093867219916224 -0.12573398853865508 10.30190860195851
-0.12912672268155484 0.009090188633436585 0.9915864349415711 59.614611640846825 0.10794767786668406 0.9941442853129382 0.004943563777120894 -0.8164672794923732 -0.9857350497637304 0.10767779924495299 -0.12935185818940648 10.154123295473655
-0.13398495220041284 0.008335057340858872 0.9909483131843875 60.85753296372329 0.1063324483604179 0.9943124486112801 0.006013731147963384 -0.8271585732355476 -0.9852621189356285 0.10617570981992783 -0.13410919295373638 10.000972222860685
-0.13740813233515667 0.009067932316127911 0.9904730070888752 62.0987933291082 0.1050226211838929 0.9944548147804365 0.005465381932876018 -0.8358340171016805 -0.9849310910961341 0.10477305934026059 -0.13759851681124238 9.836014464612129
-0.14289263878048417 0.010752578914533576 0.9896797844904393 63.34891608169195 0.10485393041401032 0.9944781880036281 0.004334381357784806 -0.8411998205253941 -0.9841683530062713 0.10439116644480727 -0.14323106265474908 9.680863068183019
-0.14839196494999754 0.012339244655044539 0.9888516409348911 64.5620562225543 0.1043607719651733 0.9945341934625721 0.0032507396980497867 -0.8575491608210821 -0.9834066574988722 0.10367970425832737 -0.14886861627554018 9.547805049310353
-0.1530033214055658 0.012336359266377285 0.9881486719512006 65.80778301847823 0.10339926224916919 0.9946334420066384 0.003592855181447966 -0.8782495857684303 -0.982801392044794 0.10272356244834033 -0.1534577906550505 9.378779949916387
-0.15599139566301548 0.0118469291749521 0.9876873669072789 67.03391421283442 0.1015303780433815 0.9948239792021758 0.004102772077278876 -0.8911978482098463 -0.9825264713041905 0.10092026889318728 -0.15638680415256864 9.180860631711589
-0.16138330619507008 0.011176993826234891 0.9868285075384485 68.3116861372153 0.0985373024491412 0.9951215702172364 0.004843605519704006 -0.8949073578280321 -0.9819601970077939 0.09802109618542185 -0.1616973598888155 8.990744284837344
-0.16622642171187657 0.010781890614963653 0.9860286646744291 69.56157701354377 0.09817549022541236 0.9951529713180481 0.005668932515179694 -0.903141177410038 -0.9811882336452348 0.09774617389764184 -0.1664792348748222 8.779607602419626
-0.1712599232604021 0.010406940960041789 0.9851709162702179 70.84109738420314 0.09822942153439328 0.9951421498647417 0.006563711419621929 -0.9095579404541944 -0.9803167954441311 0.09789686993175636 -0.17145023600947515 8.585077088803535
-0.1764354590627531 0.012145280802743911 0.9842372787796363 72.10666868475649 0.09883313563826722 0.9950891629487733 0.005437746023809031 -0.9172287499091415 -0.9793378069314049 0.09823466768984096 -0.17676936945818045 8.373923079995393
-0.18192607661851545 0.013108950212689773 0.9832248258005494 73.34031687396552 0.09801355594920476 0.9951731775284016 0.004867194080608641 -0.9281643380701953 -0.9784151703118552 0.09725483099747205 -0.18233280656883072 8.169531801659788
-0.18801400158425793 0.013332712719154108 0.9820758494025948 74.62972254393969 0.09791820575663769 0.995180695064811 0.005235375031812737 -0.9358950193088802 -0.977273124663553 0.0971474288999493 -0.1884134200858669 7.94664503239209
-0.19323693689008314 0.013638038480902568 0.9810573327424531 75.89269917324187 0.09793517940005748 0.9951778410115679 0.005455767172167296 -0.94892043515831 -0.9762521123445544 0.09713428162060499 -0.19364076140325392 7.72002311562898
-0.19897153340668336 0.014240505976172364 0.9799017996122574 77.19303448677682 0.09699597688825373 0.9952710247666045 0.005231417353925858 -0.9609504288313367 -0.975193370240628 0.09608743544074552 -0.19941187374159444 7.474524290401548
-0.20367313027953007 0.015070291366102748 0.9789229501448432 78.4996648340042 0.09672840629805363 0.9952992258365688 0.004802755893265469 -0.9665947229347891 -0.9742488755021296 0.09566784918284517 -0.20417343415721756 7.216044970066297
-0.20851983296440207 0.013485343652960073 0.9779251631730643 79.71348547021714 0.09733721269462352 0.9952266236545557 0.007030973901353224 -0.9853570617155764 -0.9731623432322715 0.0966546071106839 -0.20883711508958228 6.981101530228124
-0.2115592232801358 0.013389029173602683 0.9772734668161717 81.08515301901615 0.09850630021626322 0.9951067049780239 0.00769119792297371 -0.9824768808118578 -0.9723884017525067 0.0978947373742552 -0.21184290531338543 6.680723019996021
-0.21449208214050153 0.013800326966332346 0.9766282289974315 82.10474697547447 0.10016044289188444 0.9949396279119098 0.007938670557381424 -0.9930279769553026 -0.9715765705175889 0.09952229793437489 -0.21478891925592225 6.452421258696213
-0.2174449359614377 0.013943136261165064 0.9759729959255705 83.33279650812125 0.10022934119768294 0.9949312512299369 0.008116926087984347 -1.0061285632111507 -0.9709128585963781 0.09958611488174936 -0.21774027357141287 6.2008788279902145
-0.22075400436183895 0.013577624266661766 0.9752350063843543 84.64277078500366 0.09849710627899112 0.9951015324716308 0.008441571375276393 -1.007175862488871 -0.9703432328886846 0.09792133675502672 -0.22101000474012467 5.944798306869421
-0.22421711507137346 0.014331544082664122 0.9744338315931369 85.8936380642725 0.09782791269139264 0.9951721988386143 0.007873636845179057 -1.0140873396753203 -0.9696166174357271 0.09709223193917417 -0.22453666446608103 5.663871494249461
-0.22838596743596631 0.015203386845031487 0.9734519540823691 87.1438551291285 0.09682416466735039 0.9952756611872308 0.00717212554248702 -1.0237718171186139 -0.968743996634195 0.09589168512841419 -0.22877904997710144 5.387237394618025
-0.232861181766848 0.015050006264409157 0.9723935249360688 88.43065041346102 0.09564630496245052 0.9953871373507502 0.007498742808912709 -1.027868776138392 -0.9677951510382573 0.0947520137417936 -0.23322650260786792 5.11065989969709
-0.23747517771559137 0.015610582169351992 0.9712681656953899 89.71744630281762 0.09547571899244066 0.9954046581583587 0.007345311397300084 -1.0346241717601234 -0.9666901918669762 0.09447685558368357 -0.237874329651593 4.829476262604822
-0.24217437934473526 0.015884040629087902 0.9701027096355781 90.93890492006915 0.09495856621037654 0.9954536754493805 0.007406128380932298 -1.049482583690934 -0.9655746686260197 0.09391313692779311 -0.24258170174215457 4.532201411675838
-0.24738906540032238 0.01597231656076452 0.9687845660537965 92.22299718134838 0.09443988500315219 0.9955007612476315 0.007703406777746311 -1.0513085412335357 -0.9643027317398475 0.0933976416140921 -0.24778442666959324 4.24216821698354
-0.25109530947179953 0.015584159998360134 0.9678369074996117 93.52915771227967 0.09500466857388587 0.9954395107303721 0.008619363436414323 -1.0590349576738205 -0.9632887721293201 0.09411330636008917 -0.25143075996294584 3.9183261527955864
-0.2558105507402324 0.015252716245586486 0.9666065987655558 94.70121735192913 0.09477860301287082 0.9954542304084908 0.009375050547757792 -1.0657846071275001 -0.9620696328961296 0.09401185993785924 -0.25609332605539836 3.644316929892068
-0.25958650553155593 0.016273616845792788 0.9655827336591503 96.08016466930107 0.09573469274915808 0.9953665442039955 0.008961656299096019 -1.068233146091182 -0.9609629101844289 0.09476609137320642 -0.25994167264158546 3.2924060576420677
-0.2633852061905105 0.017567474338240536 0.964530775561549 97.43992238011222 0.09642497791534675 0.995306453833116 0.008202840494275386 -1.0748739847319364 -0.9598596026471761 0.09516536556712613 -0.26384293889067406 2.9480783539462934
-0.26764441116072485 0.018944993175937147 0.9633314883299509 98.8142899601878 0.09562676243962304 0.9953926988132333 0.006992671494257594 -1.0813598967360902 -0.9587606539067673 0.09399182082965639 -0.2682229411094079 2.5965098544357934
-0.2712204347719367 0.019808060833295078 0.9623134190523126 100.10517523078909 0.09631862740821921 0.9953282772878486 0.006659012344427334 -1.0948423716000788 -0.9576858554746985 0.09449476788283503 -0.2718612533378942 2.2633337931092017
-0.27433939985624406 0.02050333853727155 0.9614143262898406 101.3858957088424 0.09629959883114385 0.9953327559079825 0.006252382072684258 -1.1135392659714065 -0.9567989762491725 0.09429908867771637 -0.2750334541888954 1.9154951988720577
-0.27694760466685187 0.020632331674244702 0.9606634848681318 102.69521439431713 0.09699033026928015 0.9952635352088 0.006585690391972368 -1.1231901223660143 -0.9559774579473818 0.09499895985412964 -0.27763698875165005 1.546466294866279
-0.2812970053101671 0.021202314832006453 0.9593865001391788 104.0299914160766 0.09672545393171274 0.9952907506906953 0.006364601421682951 -1.129905493502114 -0.9547335656429103 0.09458743804182952 -0.28202311110872913 1.1804597614429606
-0.2856091065069779 0.021611652506545426 0.9581024865619691 105.31358462225704 0.09938582940335998 0.9950230505320338 0.007182327180822364 -1.1548659438245479 -0.9531788369419885 0.09727314832913621 -0.28633553642544135 0.8343880362135632
-0.28845373722948964 0.02164699878022368 0.9572491049471687 106.65634488980466 0.1014769449810759 0.9948050586004178 0.008082389518417056 -1.1619643771398052 -0.9521012924661104 0.09947011021823772 -0.2891519082723176 0.4410299574100705
-0.2914489458600597 0.0214750368601753 0.9563453010021641 108.00168982699623 0.10220065274001729 0.994724799488053 0.008809078440311835 -1.169544161387736 -0.9511112124965007 0.1003065106326949 -0.2921062570163776 0.054652985888270944
-0.29380530033357205 0.020662145686835443 0.9556419419591843 109.4253491699099 0.10079724342195548 0.9948618292162873 0.00947926616141792 -1.163656138237521 -0.9505358284748784 0.09911113208938553 -0.2943783658517133 -0.3781670329623256
-0.2961013423853303 0.020746953352370687 0.9549311802241067 110.8155150808715 0.09958154392554934 0.9949863095845007 0.009260661359791944 -1.1804720509410669 -0.949951320409103 0.09783561552937195 -0.2966827955695762 -0.7890212710072352
-0.29945512326939866 0.022386929940658818 0.9538477103372145 112.18597055610425 0.0980744863980405 0.995151313455564 0.00743360245286665 -1.1917795575662415 -0.9490563862413331 0.09577415463212617 -0.30019874589849815 -1.1898965820009029
-0.30274154746669624 0.02440633818319736 0.9527601409032407 113.63401659691048 0.0971559945366753 0.9952546431043842 0.005376625777858158 -1.1936143595406632 -0.9481077302517097 0.09419408705249369 -0.3036761528360219 -1.6171679693063252
-0.3061063917852642 0.025028071877880396 0.9516682576015065 115.00639934870172 0.09540264845070417 0.9954285592448285 0.0045075612427591906 -1.206255432675091 -0.9472049469765171 0.09217146552942113 -0.3070947888932021 -2.0319433851880224
-0.30960280025854997 0.025318647081077523 0.9505288381643417 116.39092502148692 0.09281340753516712 0.9956766091753543 0.003709625692830913 -1.2182351094894712 -0.9463254078031321 0.08937033093288593 -0.3106141762624017 -2.4504160808246356
-0.3128311552067255 0.025781405934343252 0.9494587865937516 117.77768173945014 0.09369190580860783 0.9955938496156689 0.0038358041406044126 -1.2293624790015878 -0.9451764359726522 0.09015656224314708 -0.3138682831483937 -2.8910810587421425
-0.3157616163250384 0.024962934147200733 0.9485101230743752 119.10831775641874 0.09317854161984114 0.9956377675049564 0.004816149846869484 -1.241011762511616 -0.9442522761621427 0.08990154523983555 -0.3167102005400051 -3.326544114271548
-0.31994559358133834 0.024051852251275412 0.9471305747103577 120.48930483866121 0.09233438997926642 0.9957105429105595 0.005905519783769904 -1.2515976040811405 -0.9429258600627257 0.08934216887921606 -0.3207940137922075 -3.762378520813768
-0.3241431210438709 0.024098755515464358 0.9457010558641398 121.92668540690948 0.09194283962605991 0.9957453575593733 0.006139799707888859 -1.2562621072013191 -0.9415294744836317 0.08894061435341012 -0.3249797159777855 -4.245229392032245
-0.32765834359979235 0.023826718886799002 0.9444957900046639 123.27090659825774 0.09045771485785266 0.9958806350293891 0.0062580025692487795 -1.2777000221792845 -0.9404559594644103 0.08748741761276611 -0.32846390983989826 -4.6875665320617905
-0.3319634294627896 0.024258288161121303 0.942980284499522 124.6431902822884 0.08936766781390566 0.9959815896541504 0.005838922802628127 -1.2891787988755319 -0.9390493604964519 0.08621025765814322 -0.33279737082150873 -5.138283481274188
-0.33534004943689116 0.024669693489454865 0.9417741010809352 125.98974309222055 0.08953235368496008 0.995967080189852 0.00579075312305243 -1.3102316496829063 -0.9378331455473747 0.08626112334787353 -0.3361963856311775 -5.591362852448597
-0.3375404719361201 0.02536321463561356 0.9409692540930827 127.36356519211718 0.09077867458963551 0.995854658565632 0.005721123392956557 -1.32199525238842 -0.936923509175044 0.08735105240623002 -0.3384436904399796 -6.0814732349297715
-0.3395119260101083 0.0248213030223696 0.9402741914001371 128.77808623636597 0.09206956292593964 0.9957282595221439 0.006959078360552149 -1.3329377823513529 -0.9360848506836982 0.0889333239301969 -0.3403469056935769 -6.59435622515179
-0.341445173242898 0.024313165472194004 0.9395871772506542 130.13766728144157 0.09327747142466992 0.9956069245320014 0.0081341962447913 -1.341001795095306 -0.935261731812938 0.09041969812297627 -0.34221304942623304 -7.086137320882512
-0.3434266135244849 0.024806606213279906 0.9388518484890395 131.5067129318378 0.09407493578035761 0.9955321036177743 0.00810784338094146 -1.353474586357351 -0.9344560276337323 0.09110687654917776 -0.3442258988868007 -7.573917811472706
-0.3464848936283628 0.026074968640189808 0.9376930811826214 132.80344362701913 0.0942284772220947 0.9955250300989875 0.007135021150274615 -1.3650594431847005 -0.9333108874151936 0.09082956818581912 -0.3473913887467982 -8.02240222770894
-0.34811680419900387 0.026144985703969132 0.9370865116715824 134.30705413094793 0.09362097236320413 0.9955832887738211 0.007002045991756401 -1.3779037866268444 -0.932764602763221 0.09016848028463899 -0.3490269917859031 -8.597456231085129
-0.3514079943898209 0.02737207716240705 0.935822200458368 135.6139461583171 0.0933239080704792 0.9956181845258235 0.005922737876719624 -1.3925528646583578 -0.9315594826211395 0.08941588244444268 -0.35242265861505556 -9.066900240819479
-0.3542641559251608 0.028498313058046155 0.9347110537377216 136.93022052449342 0.09315966021254979 0.9956388657782932 0.0049524398831645965 -1.4130535012040004 -0.9304935171916592 0.08883183609809747 -0.35537405555234874 -9.548069863475172
-0.35671984884396896 0.02868631212434069 0.9337708738965057 138.3411832066617 0.09074297711291313 0.9958660215195204 0.004071767130805459 -1.4199109563727328 -0.9297938812152994 0.08618562919412176 -0.35784825802983977 -10.08126772246109
-0.3583782030465417 0.030008842128615414 0.9330940643768101 139.65882131512043 0.09211835546051833 0.9957424069652228 0.0033567183907100787 -1.4268682986929844 -0.9290205983552626 0.08715806540535695 -0.3596167396915959 -10.589861841753436
-0.3607729840907585 0.02981976340788605 0.9321768263910825 141.01469763806756 0.09370138550534692 0.9955905522724209 0.004416172582030116 -1.428138255330008 -0.9279347521806781 0.08893949592949867 -0.361976327622647 -11.117985647182778
-0.36357460296199634 0.02873079132856904 0.9311219306356522 142.3691261847802 0.09378158835191834 0.9955753172577028 0.005899267193115151 -1.4402408440297545 -0.9268325208834693 0.08946691733181801 -0.36466031993613246 -11.616812735299144
-0.3657620785371418 0.02871953308780843 0.9302651720468802 143.77266751689285 0.09300863121526955 0.9956482273783622 0.005831109481659967 -1.4349685943470076 -0.9260494027985984 0.08865548904350534 -0.3668415295993681 -12.17736793480367
-0.3680694594445916 0.02879438722155666 0.9293523316206319 145.075177941196 0.09178137093733918 0.9957640045807867 0.005497920524815988 -1.4529285512986587 -0.925257290148539 0.08732084771559076 -0.369153107234926 -12.679714463695657
-0.3719007903600495 0.028402991042019834 0.927837848025958 146.25593598749705 0.09057527446796927 0.9958726107292979 0.005819179861725275 -1.4697279811329649 -0.923843017933573 0.08620332533654278 -0.37293841973749337 -13.097287521805676
-0.37487658634055865 0.02789025035475802 0.9266551024781561 147.5972472820784 0.09015474108180187 0.9959065753816713 0.006497366545240885 -1.4787567094444831 -0.9226806964893723 0.08597806142673053 -0.37585649559263623 -13.632463365834026
-0.3789448342916552 0.0280092764906312 0.9249952934983748 148.90090781804363 0.08953260427874452 0.9959625453202281 0.006520819758022598 -1.4988132624988593 -0.9210780234783187 0.08528826853513927 -0.3799226051652378 -14.134024590694958
-0.38270759339206184 0.027737489886056288 0.9234530467841235 150.15699567972706 0.08865223702541737 0.9960392735301519 0.0068224963111043 -1.5029889401775152 -0.9196062629356304 0.08447719952949745 -0.38365078382457 -14.628437718859315
-0.38589618774111367 0.0272360522557743 0.9221400814108447 151.66566260761664 0.08711451629275335 0.9961734784911134 0.007032908501669254 -1.4969971211501936 -0.9184199438916518 0.08304575972579083 -0.38679220319651025 -15.284817604639823
-0.38978353082398787 0.027193010107213672 0.9205049371403161 153.3188989645374 0.08547911549826957 0.9963170082405758 0.00676312828358391 -1.4961375183370271 -0.9169308152265407 0.0813201038603343 -0.3906723957437032 -16.01964356398643
-0.39387834961912277 0.02760095295041666 0.9187480792347531 154.53234676973676 0.08600519609617081 0.996270505746375 0.0069415865852449484 -1.5280327500706372 -0.91513001914797 0.0817512493854987 -0.394783207948532 -16.505752305191766
-0.397283844785115 0.028287671367721146 0.91725969840681 155.8967855465668 0.0865878833294714 0.9962211438960779 0.006780185462887183 -1.5391443278913821 -0.9136017103384094 0.08211723389752591 -0.3982319358913092 -17.075474344200856
-0.40117689306084936 0.028667112209127456 0.9155519084965293 157.19533079216882 0.08680137300128866 0.9962021405259909 0.006842284452149531 -1.5499660214964734 -0.9118786224707345 0.08221612912939995 -0.4021416242965179 -17.598797670431978
-0.404881026441028 0.029224445600559618 0.9139022301140335 158.4524438204783 0.08614960288617213 0.9962622404998724 0.006308254649888636 -1.5689170793239415 -0.9103019281263796 0.0812864068188085 -0.4058853529210824 -18.12889258487749
-0.40937223618883867 0.029740907647412752 0.9118825860000079 159.65173167031583 0.08731385166252123 0.9961582652981936 0.006708337047799385 -1.5934337165571888 -0.9081798629927862 0.08236618778600698 -0.4103963298617498 -18.577066013718138
-0.41272660171980297 0.030310946094843933 0.9103504812871045 160.96753467604702 0.08807343395781596 0.996091017879487 0.006764194754962686 -1.6082125847856787 -0.9065869083897545 0.08296945610669225 -0.4137828499221021 -19.153245939252674
-0.41648696459799955 0.030946322227860097 0.9086148432974878 162.1295057668359 0.08932856217708872 0.9959774434262748 0.0070242555073474905 -1.626278409684493 -0.9047425138122505 0.08409076837934112 -0.4175760126899674 -19.652817487424723
-0.4197430327646418 0.032528960872224885 0.9070598950180292 163.41623614483223 0.0909938942367946 0.9958309165405645 0.006395066348295052 -1.6416230273479298 -0.9030702617499681 0.08522119669747283 -0.4209530258547682 -20.222373316584157
-0.4221577554163453 0.03330032658501794 0.9059105462412768 164.72764577120626 0.09223070251507702 0.9957172361714313 0.006378330870936749 -1.651639997014287 -0.9018183448208403 0.08624542793942724 -0.4234210659664147 -20.81804690432707
-0.425731463826852 0.035419614971559814 0.9041560548838438 165.967703188394 0.0935957727651716 0.9955973777333303 0.005068803705464026 -1.6577323452025983 -0.8999958622284477 0.08678313387853956 -0.42717225523889274 -21.36461683376668
-0.4283482614508674 0.03769504115458819 0.9028271433582274 167.2775366207007 0.09476025342660772 0.9954943333114156 0.0033951016749413847 -1.6651576241137525 -0.898631326675481 0.08700641480495505 -0.42999025861086915 -21.970378554878543
