1.0 0.0 0.0 0.0 0.0 1.0 0.0 0.0 0.0 0.0 1.0 0.0
0.9999969314213726 -0.0019304940158783273 -0.0015525271958093745 -0.008690592819821432 0.001934809422113967 0.999994255919593 0.0027829193879238528 -0.014024718588651744 0.0015471458687432603 -0.0027859146925634515 0.9999949224966027 1.095614112583969
0.9999900513764587 -0.0030649488803112896 -0.0032408697086803166 -0.020867156223397833 0.0030763074181801467 0.9999891234090915 0.003505623508785533 -0.02912878996719988 0.0032300899022182456 -0.0035155585441831137 0.9999886036187343 2.188376864929009
0.9999877621748267 -0.0020225822114197977 -0.004514937627667083 -0.04298716351629696 0.0020374964665060107 0.9999924754411688 0.0033011617941086616 -0.04942866881175534 0.0045082267836315205 -0.003310320564530617 0.9999843587121887 3.1589106485086944
0.9999815501723255 -0.0017221461588024895 -0.005825249141594529 -0.06318396523032825 0.001741221418350234 0.999993134010625 0.0032710976108192382 -0.06763023185830068 0.005819575837310406 -0.0032811803082046175 0.9999776829474041 4.216732417688558
0.9999790945828534 -0.0019905991137593505 -0.00615206570399086 -0.09637100651063375 0.0020112507600670276 0.9999923577709893 0.0033525020502374577 -0.076287743262289 0.006145345200885919 -0.003364805311606791 0.9999754561075873 5.1602321105316955
0.999961670932606 -0.0016645211761917808 -0.008595698629296628 -0.10840760528204023 0.0016938132677971193 0.9999927800077345 0.003401606828381576 -0.08597375131682823 0.008589974521820217 -0.0034160359563485823 0.9999572706051292 6.168910950548581
0.9999493366074912 -0.003803328342568154 -0.009319812860630336 -0.13902514982846748 0.003829580526708105 0.9999887454425871 0.00280058942875439 -0.10809963380984469 0.009309056409111257 -0.002836138515236628 0.9999526477724304 7.140187603095084
0.999932862956918 -0.004346145363294386 -0.01074153616868773 -0.1659967517695531 0.004379242195707635 0.9999857304305785 0.0030596034075170784 -0.1273812453489179 0.010728085410428703 -0.0031064377832280506 0.9999376271686776 8.069177585698544
0.9999284020327697 -0.003107227662274665 -0.011555775371948268 -0.20017693194581812 0.0031420011746205166 0.9999905870820334 0.0029922526541274934 -0.14183527856575884 0.01154636898816339 -0.0030283466747124603 0.9999287527017146 9.109735620723216
0.9999142215966067 -0.0034080589253964316 -0.01264652455078345 -0.22668030054350907 0.003445967008368588 0.9999896315431379 0.0029769309017856566 -0.1621802154395671 0.012636247869909226 -0.0030202550517785375 0.9999155980877547 10.140387198632299
0.9999143174149663 -0.000498155496315939 -0.013080889482918301 -0.2615460961151882 0.0005413052788716665 0.9999944237951068 0.0032953554108909803 -0.17980245901898662 0.01307917494178828 -0.003302153810850361 0.9999090113420577 11.149268203542677
0.999906895113069 0.001695944743455005 -0.01353975172481794 -0.30693190227445116 -0.0016433299906362321 0.9999910597903613 0.0038961270370235397 -0.20773260981301908 0.013546238292767503 -0.0038735140084812745 0.999900742732668 12.532311770564387
0.9998899231200844 0.003612887189295022 -0.014390576398108649 -0.33424860677527174 -0.003549583526175834 0.9999839226958209 0.004422081711777532 -0.21705176779602572 0.014406321518801253 -0.004370514389905209 0.9998866718304951 13.597644904334368
0.999888697110487 0.003327408012592615 -0.014543787216918059 -0.3651041227864724 -0.003262659606156701 0.999984671641561 0.0044734253330402235 -0.2334288969709104 0.014558449195831609 -0.004425476000801594 0.9998842266578555 14.618893969190227
0.9998735499869827 0.003355126660156389 -0.015544361084436959 -0.3885427627631182 -0.0032847856668571747 0.9999842605356586 0.004548501299513352 -0.2469290036307736 0.01555937722249389 -0.004496866246974355 0.9998688333848614 15.651382478056808
0.9998595521138153 0.003934151782877193 -0.016291055721153264 -0.4122899587830557 -0.003856226342779171 0.9999809870013281 0.004811980282642076 -0.25690163825236517 0.016309677040140757 -0.004748482451959572 0.9998557127652213 16.705689955582574
0.999862834665697 0.005471668246336415 -0.015632424664100416 -0.4504557917119139 -0.005376945944663672 0.9999669693742759 0.006094966179704561 -0.2715353007005887 0.01566525794824031 -0.006010075459228199 0.9998592294350184 17.70208746366313
0.999861442451006 0.006184299010863789 -0.01545478390459338 -0.4851914206354809 -0.006111040828173279 0.999969889066566 0.0047829008137183875 -0.2854332354969348 0.015483897435395445 -0.004687793291273132 0.999869128193419 18.703121829705214
0.999856093225484 0.007477643739228197 -0.015227530462332144 -0.5182266242177088 -0.007438506183720337 0.9999688879828625 0.0026252032434405884 -0.3022931670688514 0.015246687037741059 -0.002511555379402666 0.9998806081847716 19.683918349011332
0.9998780804348282 0.005502181283114534 -0.014613359199395784 -0.5511916964355593 -0.005467976794619615 0.9999822193129874 0.002379556186213081 -0.31801913859433245 0.014626192113339655 -0.0022993605627639455 0.9998903877152064 20.654187001009056
0.9998809763357948 0.004613943097405996 -0.014722251555763906 -0.5724401176309545 -0.004541631835179572 0.9999774780293246 0.0049413575445391945 -0.33242208464448003 0.014744719124180598 -0.004873906359707149 0.999879411876625 21.636934888762003
0.9998921372940557 0.0032976646865615477 -0.014312204062991616 -0.6077617277222408 -0.0032129387482436405 0.9999772035788506 0.005938800149730868 -0.34855481310109593 0.01433146196749464 -0.005892175339670154 0.9998799385264415 22.597674928622613
0.9998952317837512 0.0025223146456403727 -0.01425353938315243 -0.6361175298268941 -0.0024435836146733 0.9999816777237378 0.005538331511632394 -0.3640999514015105 0.01426724764055044 -0.005502921555231416 0.999883074913822 23.565518578059848
0.9999006797542213 0.0026694624837104806 -0.013838518601861827 -0.6595408085616729 -0.0026220071167676676 0.9999906242350368 0.003446232826916118 -0.37494746708807697 0.013847588444405652 -0.003409605851965393 0.9998983042700933 24.53148378440019
0.9999051086228292 0.003461108699013455 -0.013333959522284014 -0.6852991892455478 -0.0034231466461853923 0.9999900259994862 0.002868792181656775 -0.39104277065948473 0.013343755730940609 -0.002822875859197008 0.9999069834513986 25.446853168023036
0.9999152325991241 0.003909392519866066 -0.012419511518786204 -0.7122666440769049 -0.0038844559900722887 0.9999903922845298 0.0020313395307981126 -0.4096933223619894 0.012427333499221501 -0.0019829242935134887 0.9999208115612676 26.374676834947625
0.9999245876020617 0.005776728653035548 -0.010837366604310091 -0.7377349118140885 -0.005746286627868233 0.9999794626883792 0.0028380259769769296 -0.4230150791912984 0.010853538539915502 -0.002775537339833558 0.9999372465778221 27.310111192806975
0.9999384979207634 0.006674264514893941 -0.008857458391223613 -0.7628410656895387 -0.0066323281150879295 0.999966697956917 0.004755544228469804 -0.4371103270064514 0.008888903179856987 -0.004696506182296152 0.9999494638380166 28.239239117195915
0.9999528042424424 0.0064009526151849105 -0.007308699836082809 -0.782203432429617 -0.006360919669850309 0.9999647118100415 0.0054876074575733605 -0.45367054781333216 0.007343567840602557 -0.005440858413234501 0.9999582336633344 29.140527647893443
0.9999688470300186 0.005992196466500166 -0.005137952020222808 -0.8060375518118216 -0.005961451423073935 0.9999643587464215 0.005978489255855104 -0.4751868299910733 0.005173593179367156 -0.005947673356776782 0.9999689290749256 30.02319778316011
0.9999797586265825 0.0060213174438894035 -0.0020557415600379234 -0.8159854679590581 -0.006010112422670055 0.9999672833259275 0.00541394739768413 -0.4880281510904915 0.002088273398918524 -0.005401482574066055 0.999983231409513 30.92464245606174
0.9999863828250374 0.0050199440812316466 0.0014262979773384896 -0.8215208374162478 -0.0050249413181867476 0.9999811728065304 0.003521930893279312 -0.5051535817299037 -0.0014085912280070512 -0.0035290499981691687 0.9999927808123721 31.79286386229751
0.9999760838441977 0.0046828935661095 0.005089425062984469 -0.8295046165813506 -0.00469080260853819 0.9999878073924265 0.0015431906452998592 -0.5199720757906692 -0.005082136412076487 -0.0015670272264739784 0.9999858580575819 32.65923492969681
0.9999459062102714 0.005268130184488476 0.00896835869482503 -0.8348814757367141 -0.005287366712753921 0.9999837690808779 0.002122575802951383 -0.5376667888287225 -0.00895703112446276 -0.002169879986013882 0.9999575307053191 33.52045587757979
0.9998783889539219 0.005424063540347922 0.014621451282998854 -0.8485883710109782 -0.005454196658967878 0.9999830818965878 0.0020217960826991862 -0.5597532206152971 -0.01461023756535457 -0.002101298480700234 0.9998910568171796 34.34849307239822
0.9997440693683665 0.007179888647293749 0.02145332053071671 -0.8461048499138288 -0.007200294986958138 0.9999736955014379 0.0008741037064675158 -0.5753920135538642 -0.021446480244597742 -0.0010283502328253466 0.9997694689181673 35.17658548520272
0.9995643102772307 0.008262650682241822 0.028335811682565812 -0.8312372271318863 -0.008296915784623656 0.9999649838708918 0.00109188852024182 -0.5938589314088258 -0.028325797578697572 -0.0013265126388549923 0.9995978639211608 36.01700270140926
0.9992906611215174 0.00949436815402711 0.036442167453089314 -0.812771885769892 -0.009578944988446272 0.9999518160436716 0.0021469522263251224 -0.6127704612453159 -0.03642002757043668 -0.0024945068269339493 0.9993334573741924 36.831171825797256
0.99884020346706 0.012389231233163874 0.04652692647637237 -0.7917032297227303 -0.012535276235669959 0.9999173731351635 0.0028484648774723437 -0.6320842291632048 -0.046487791812278946 -0.0034283891135616536 0.9989129748684327 37.622135596914134
0.9981231371077901 0.014590628624423025 0.059475345534530946 -0.7638846418462203 -0.014771567094642711 0.9998875044619897 0.002603694746232623 -0.6464090799725355 -0.059430665280441414 -0.003477352025221559 0.9982263791581619 38.42030717096814
0.9970703244996061 0.017033862360574293 0.07456953490089646 -0.7310086477144947 -0.01733821857285666 0.9998437777914123 0.0034360134611264165 -0.6655955090252339 -0.0744993569030934 -0.004718849951658718 0.9972098968001455 39.20500551231022
0.9956960868178126 0.01960727144204558 0.0905806690320772 -0.6753408123825207 -0.020117803608297485 0.9997864440445718 0.004726550822246633 -0.6759944324789574 -0.09046865022580086 -0.006528492268152409 0.9958779052248442 39.99799402291815
0.9939011112854044 0.020054863210602545 0.10843608000683165 -0.6090677629324128 -0.02076678242800478 0.9997695473032878 0.00543994784473162 -0.6892147156881635 -0.10830199320987288 -0.007658638689061394 0.994088539074964 40.766336282680356
0.9915970385632574 0.020295729192966693 0.1277630482146902 -0.5291919062901036 -0.021007024129435524 0.9997704128842162 0.004222139094800832 -0.6988052923093303 -0.1276480240732619 -0.006870582059502873 0.9917957335320376 41.532888935580885
0.9888518858311751 0.019631148239815308 0.14760273001174712 -0.43077030605610367 -0.020342897218359055 0.9997875698802251 0.0033138566269299286 -0.7136097674698266 -0.14750631993544108 -0.006279580540691975 0.989041178337552 42.279927479877216
0.9854301789585085 0.016860795539705545 0.16924265411407374 -0.3295655966348813 -0.01763124558128046 0.999839904169028 0.0030504443131897474 -0.7282876535872178 -0.16916412615285584 -0.005989958682962476 0.9855696925220022 43.00759024691356
0.9815999802196004 0.01178929925586391 0.19058460393206497 -0.19586198048833914 -0.012953987754666453 0.9999042515218108 0.004866414475310042 -0.7410705939274201 -0.19050898412971817 -0.007245702978268766 0.9816587119535028 43.73416982442319
0.9768177366621978 0.005800747430825489 0.21399406690698275 -0.049045612248603265 -0.007325816594198825 0.999953103144348 0.006334344733621723 -0.7562702344663234 -0.21394728732417548 -0.00775518157234177 0.9768144221935935 44.458157254844224
0.9713559071167953 0.0005372636275485811 0.2376287294438683 0.1099399954509416 -0.0019507198417812305 0.9999817775994783 0.005713069321656209 -0.7713025727246096 -0.2376213298536351 -0.006012970710861907 0.9713392547312281 45.15901313912905
0.9650038294321474 -0.005702819767741307 0.2621737725784042 0.29798381517018796 0.004967972624296748 0.9999816540907163 0.0034656500092762063 -0.7814811839035957 -0.26218872673953536 -0.0020418934054450355 0.9650144570119245 45.85366432173967
0.9575185669299826 -0.009055393349174596 0.2882294118157426 0.49621964068418645 0.00823969757491982 0.9999578793612872 0.004043128385163059 -0.791813011009643 -0.28825388352670844 -0.00149644731171666 0.9575528493389863 46.53638351830413
0.949447441217802 -0.01212717488023007 0.3136917085203203 0.718274113997601 0.010731277467499056 0.9999233434208229 0.006176323018271358 -0.8022353938850489 -0.31374256333638695 -0.002497781322446975 0.9495047999033894 47.19838241555348
0.9400334231609722 -0.01712028587739114 0.340652402239799 0.9559231983600907 0.014896685890194208 0.9998472434513619 0.009142128427748836 -0.8162594856856826 -0.3407568812067572 -0.0035193144470076804 0.9401448624207143 47.864464759805536
0.9295147238873964 -0.0209244262531243 0.3681909103474983 1.2132948635343963 0.018932388231058066 0.9997800581423897 0.009022195777977835 -0.8300663669162812 -0.36829871402491743 -0.0014155305595802846 0.9297064340536877 48.51448807679244
0.9174811712065406 -0.020177708696033546 0.39726711486512134 1.4825160259195158 0.01980097054244424 0.9997911841877599 0.005050701535614114 -0.8406441812403243 -0.3972860707941495 0.0032323508786154696 0.917689124846067 49.153436705041344
0.9046548744247455 -0.021243819225855252 0.4256151528367524 1.770316770169378 0.023660243572657388 0.9997199807280992 -0.00039116119316892395 -0.8517528158656466 -0.42548766263386817 0.01042402406441653 0.9049041875627877 49.77276503310264
0.8907173895895794 -0.023492165341084035 0.4539500523739572 2.073004515609475 0.02765259525602743 0.9996143975016036 -0.002527900927390643 -0.8670130977777153 -0.45371562223306194 0.014804542379934366 0.8910235460786562 50.37676551741077
0.8752545891905043 -0.02419256644941724 0.48305706063524023 2.392542813064203 0.027262374915100366 0.9996280900594307 0.0006666919149774336 -0.8825559695914412 -0.48289353590098183 0.012585757534262344 0.8755886201249609 50.971541394916876
0.857837318534693 -0.023139752782730325 0.5134001234615817 2.7331265802324705 0.02315791056318353 0.9997115627498568 0.0063641560770493506 -0.8972041541439536 -0.5133993047400406 0.006429863558376652 0.8581257546228646 51.56190948897754
0.8389285433799035 -0.0231534178992306 0.5437488559455207 3.109477700342271 0.021352593107048037 0.9997256721916276 0.009625337842902327 -0.9043194814258689 -0.543822549983062 0.0035354774173402942 0.8391927874626595 52.14852791925645
0.8181844585355693 -0.017136106437323242 0.574700396438902 3.4797758921633353 0.01764337254089886 0.9998333243948154 0.0046941277124862004 -0.917393125908039 -0.5746850469746375 0.0062989908530345995 0.8183504258555675 52.69533430083567
0.7961786471117864 -0.01021054490969419 0.6049754595484826 3.8568922303764084 0.014763930611610656 0.9998877444878749 -0.002554364075869165 -0.9283641009820423 -0.6048814662693358 0.010965545840655615 0.7962400194465683 53.215787714299594
0.7737055276103857 -0.007807438179917962 0.6334972773849991 4.2541695656542915 0.013798225572336517 0.9998945427227323 -0.004529062192066494 -0.941888379489495 -0.6333951101138922 0.012245298785710262 0.7737316635251885 53.71959020053926
0.7506714567428452 -0.01027112380953776 0.660595843195572 4.681104249097479 0.014860220456822868 0.9998886830003559 -0.0013399461835902299 -0.9575314833487569 -0.6605085448951806 0.010822459216337578 0.7507405254127143 54.212616104546356
0.7271114477604299 -0.010842474141215737 0.6864338156663273 5.13758220323787 0.015648683253572177 0.9998772456013921 -0.0007825860905459779 -0.9711340209681693 -0.6863410677266515 0.011310812661195237 0.7271918620754633 54.6910356346932
0.7024678660921856 -0.009206408242728451 0.7116559134547847 5.582308356587943 0.016656625722070436 0.9998551189191065 -0.0035068491271393505 -0.9911974856527497 -0.7115205224921094 0.014317235016361073 0.7025194394848002 55.13394337468615
0.6769368397685844 -0.007380664913398736 0.7360041037586422 6.049338790408128 0.01717111862623288 0.9998359355172918 -0.005766691718192561 -1.0059866869836998 -0.7358407896068572 0.016541699842664858 0.6769525127489134 55.571559766844345
0.6517980169826166 -0.005191870603884693 0.7583748344566593 6.583171865747867 0.01611668939118301 0.9998455668299085 -0.007006769129478212 -1.0140717802982564 -0.7582213379881849 0.0167894898730748 0.6517810335144802 55.99488375554749
0.6243479770348258 -0.003969731075772928 0.7811362523962839 7.0857887911707875 0.016350289407869385 0.99983442155582 -0.007987334248941212 -1.0304605788398777 -0.7809752055019388 0.017758679773883228 0.6243095047201255 56.40447398593466
0.5969504964601251 0.002659959089925012 0.8022736624080679 7.60178767052394 0.015373295820548812 0.9997729702623186 -0.01475363373750019 -1.0443300172946213 -0.802130766491113 0.021140779325425494 0.5967740786075488 56.78707751147014
0.568879206020501 0.012394523398404593 0.8223276869637888 8.150463763714866 0.014320475558548495 0.9995855501965615 -0.024973021803535222 -1.05723109092014 -0.8222964021186384 0.025982756357809996 0.5684659386760027 57.134310450321344
0.5395569055527798 0.020516197662842007 0.8416991334816568 8.660744545083798 0.013534616827996305 0.999362537117646 -0.03303533794418842 -1.083117418984692 -0.8418403410490756 0.029216519971187 0.5389352791784416 57.45093978201355
0.5082277498508533 0.02519620695446415 0.860854055828658 9.16352148377387 0.011243769820067395 0.9992926290036459 -0.03588619872877139 -1.1138096681851388 -0.8611493087274515 0.02791760688303248 0.5075849439297352 57.768866965791126
0.4763155391592818 0.02501741206561847 0.8789184468703259 9.700232489210524 0.00940364387338262 0.9993930439789382 -0.033542735851454265 -1.138227037193083 -0.8792241344715811 0.02424196238007735 0.4757911817411685 58.069666918123545
0.44383666816112277 0.024049243569856923 0.895784932826711 10.2531089607437 0.004959650146675917 0.9995585742371247 -0.029292636266728588 -1.1636252761043344 -0.8960939760237491 0.01744392595576391 0.44352147138689246 58.359426366826426
0.40989925618644607 0.025158981367080044 0.9117837602383435 10.80251367706201 0.0014048950003103294 0.999600926668275 -0.028213714288442198 -1.1931461103853829 -0.9121297199674128 0.012845740947211604 0.4097003305974762 58.62476491893228
0.37550609498319326 0.028665004520982047 0.9263765379942914 11.374564575408467 -0.006071275087096366 0.9995762367233183 -0.028469046293327013 -1.2167426256147262 -0.9268000389778175 0.005066013605106569 0.37552100241779246 58.87058590601475
0.34191749993101356 0.03092032922357478 0.9392211435448174 11.990705091873252 -0.010574576690761419 0.9995218523036655 -0.029055896049625333 -1.2363450061058392 -0.9396704749904247 2.8533235431602538e-06 0.3420809822587669 59.079113061185225
0.306800869118488 0.030159718847717596 0.9512957574104757 12.599908082982951 -0.012966497032263692 0.9995375005230959 -0.027507362700568413 -1.2644042109300326 -0.9516853979455848 -0.003895690831576983 0.3070500397819433 59.28954645093805
0.27156275434604793 0.029273823089672763 0.9619754226245628 13.23077228855257 -0.013563238856208158 0.9995544451323874 -0.026588526995698882 -1.294221180616591 -0.962325157627977 -0.005827048805903402 0.27183880609378985 59.47589642746306
0.23662459083879325 0.028813981396823167 0.9711738039539789 13.87936247920843 -0.012395970004511623 0.9995683339785444 -0.026636171552836773 -1.3175173978598576 -0.9715220753734899 -0.005735868147780835 0.2368796252921964 59.644353252019656
0.20151967303554918 0.027373411170289814 0.9791018934414089 14.503646399952034 -0.010895756445436961 0.9996102122985656 -0.025704201210812374 -1.3482720220980862 -0.9794238632334415 -0.005488153542562748 0.20173937716659868 59.79229023513919
0.1694780626142716 0.025955214779078806 0.9851921199026561 15.171864944998443 -0.002109941427790307 0.9996604070575797 -0.025973423121201114 -1.3763015376417227 -0.9855317013874675 0.002323227761924737 0.16947527304324583 59.894814069523655
0.13697652727279974 0.02926920601107352 0.9901417800273706 15.82416217290272 -0.0001657357904845642 0.9995640341553124 -0.029524805753690667 -1.406703320990126 -0.990574279651922 0.003880103429937952 0.1369216611403835 59.98860899217583
0.10540275493986925 0.03389524529957367 0.9938517855279893 16.474935127218753 0.0010100972041642694 0.9994147688856939 -0.03419209611563527 -1.4373657929352712 -0.9944291020252358 0.004607828037670075 0.10530683247563687 60.056139271404156
0.07650469968175494 0.03692622918007501 0.9963852089052454 17.104166146350583 0.008402451923098592 0.9992546159656148 -0.037677729139119216 -1.4742337434968202 -0.9970338157396043 0.01125460216719008 0.07613740343467344 60.11348785921141
0.05087507504002091 0.03455953238969743 0.998106890799118 17.759420919039385 0.010384906596924164 0.9993287518623903 -0.03513117441987375 -1.5101195316991223 -0.9986510303677838 0.012152547969548828 0.050482027724752805 60.155840099984836
0.028572761541551008 0.031568682128180814 0.999093096566373 18.433135550411844 0.011509069433715508 0.9994245353045682 -0.03190829910864766 -1.5429691875644864 -0.9995254567136597 0.012410340040754692 0.028192992771492432 60.18682872273258
0.00897466702353188 0.029196938613364136 0.9995333882004285 19.13943519469922 0.012033829290729593 0.9994981065492378 -0.02930395804458726 -1.5710390097541578 -0.9998873148032276 0.012291207429909022 0.008618811721848599 60.20891188265385
-0.007439434387667857 0.032153503323176374 0.9994552551465437 19.828838760870067 0.01371575230567151 0.9993921729360488 -0.03204938084956983 -1.6053515558349165 -0.9998782590669085 0.013469851454194673 -0.007875921985443068 60.208682747882904
-0.022478895535609927 0.03683158681516175 0.9990686330118569 20.52691349749716 0.016252405974019182 0.9992025503434665 -0.03647084708581484 -1.6326736631607615 -0.9996152052442707 0.015417444657877645 -0.023059571649669375 60.20706665719988
-0.03379000609057544 0.04193244019050155 0.9985489001286181 21.232514465887405 0.020483659734848537 0.9989386319517269 -0.041255657530430985 -1.6675443235616831 -0.9992190226232969 0.019059906979615807 -0.03461307229447028 60.18030073442929
-0.04319535935231113 0.0457556530683327 0.998018327057534 21.938829742662765 0.02550271849307599 0.9986756880177843 -0.044682004337958 -1.7031465266867074 -0.9987410937174251 0.023522125211917242 -0.04430504876000948 60.15939853937835
-0.048513279416867894 0.050830660303343454 0.9975282981917609 22.627494481531237 0.030037345369284433 0.9983267790015085 -0.04941052733607363 -1.7468453327694802 -0.998370782627065 0.027566035289628657 -0.049958924077918375 60.12484349853371
-0.05219688128162507 0.05534885500330864 0.99710179512139 23.317813427594896 0.032089648880332014 0.9980402286233346 -0.0537210990599414 -1.7889157693801925 -0.9981211048861758 0.029192572673441806 -0.05387071265071889 60.0977168927737
-0.054436817318804905 0.059125814470449733 0.9967651533753621 23.994375243220727 0.03448927326084384 0.9977610185729616 -0.057301307543322196 -1.8357645508823868 -0.9979214011885551 0.03125840494078321 -0.056354140667918474 60.06361825703492
-0.0568268266330241 0.06213512686538913 0.9964486628945048 24.654807952559512 0.03428094695239677 0.9975943902121143 -0.060251550132394624 -1.8814979644570164 -0.9977953339492317 0.030735299359726402 -0.05882017445061019 60.03813798883003
-0.059209713149746684 0.06590538911606328 0.9960676129431121 25.338528789383677 0.03514952626917957 0.9973371064244263 -0.06389997615018655 -1.9291200566099291 -0.9976265436884529 0.031227805468892388 -0.0613685871910004 59.99883297940389
-0.061388824813292886 0.0694948177928488 0.9956916603487176 25.994395039072153 0.03589835864731532 0.9970814621045467 -0.06737852605895803 -1.9848188800324382 -0.9974681548974199 0.031607407792925535 -0.06370440909497162 59.97525419050311
-0.06309744710997381 0.07091419604572015 0.9954847507457851 26.680240656181198 0.038815690162710886 0.9968920046328896 -0.06855416323026298 -2.036898673812858 -0.9972522521234976 0.034314834958059336 -0.06565392399852407 59.935725137557284
-0.06463190384251324 0.07001160234046767 0.9954501959130937 27.42751303814052 0.03882511865163945 0.9969570136279386 -0.06759676870781631 -2.0925381347066394 -0.9971536126231355 0.03427956411293296 -0.06715343860777628 59.89206492380004
-0.0664750441158875 0.06935607312675292 0.9953747051388394 28.13071354902226 0.03874603149517064 0.9970082772875672 -0.06688228512426055 -2.155515789136699 -0.9970355126840555 0.034120816820597304 -0.06896344181034267 59.850812067834525
-0.06879694175377468 0.07048833799251132 0.9951373648961161 28.918507330490648 0.03820640107619206 0.996955147295372 -0.06797576919798089 -2.219200866663777 -0.9968988171936632 0.033344092254942684 -0.0712805709121378 59.803306168676265
-0.07094286870216597 0.07280640569920188 0.9948197508440788 29.71576440314693 0.03668122887736534 0.9968484861961581 -0.07033905754602812 -2.2816413146863455 -0.9968056966271537 0.03150115644831167 -0.07338991970335383 59.75601628280272
-0.07412058166484745 0.0749746320900554 0.9944269424732165 30.442161558249083 0.03452257726655045 0.9967650991468611 -0.07257774301817674 -2.345616172906336 -0.996651559489339 0.028950676429040485 -0.07646912646134027 59.73102714366554
-0.07592506461941727 0.0783325049473121 0.9940318924618169 31.153483030238313 0.03236196749531836 0.9965778355692982 -0.07606129575437104 -2.4101752648570534 -0.996588223702428 0.026393868997969222 -0.07820023054280523 59.67471183508008
-0.07783999223604848 0.08269295970585301 0.9935304776521868 31.84834007107509 0.028757431831788378 0.9963257241305129 -0.08067255760317854 -2.4717824769052976 -0.9965510251477961 0.022291833726390497 -0.07993202378259988 59.633124004425575
-0.08179695762586042 0.08522990897090137 0.9929980464935313 32.54862820352877 0.02644102641142038 0.9961716421282165 -0.08332425542345345 -2.536671965159809 -0.9962982133103796 0.01944021698374122 -0.08373737587338352 59.600865579256066
-0.08410855660527923 0.08415147011564932 0.9928969134724691 33.261313623399964 0.02474133469668411 0.9962968274041127 -0.08234377974028166 -2.5979621925840024 -0.9961493949519791 0.01763977839614421 -0.08587910779072366 59.547899450043325
-0.08589657236977949 0.08001829982135186 0.9930855202593721 33.998638474281606 0.02214861249787855 0.9966765508550967 -0.07839191246548671 -2.6651883143277346 -0.9960578385914809 0.015261869783177383 -0.08738339379526466 59.48422765716951
-0.08751069994088982 0.07879648065722203 0.9930422911597954 34.73787300971088 0.02220255140528913 0.9967733395314826 -0.07713595990419489 -2.7243392258524213 -0.995916123027909 0.015297850675269094 -0.08897781553716157 59.41354007758893
-0.09026976026207625 0.07923383648667173 0.9927604794399477 35.454982530677576 0.02140259619254251 0.9967543131747596 -0.0776064948552804 -2.7877218704679128 -0.9956873501548748 0.01424213197199816 -0.09167258269758166 59.373049893873365
-0.09156180712629701 0.08195612789480738 0.9924210943829546 36.1794754843464 0.023234484464424984 0.99651195910016 -0.0801503219084221 -2.8536625917958576 -0.9955282990490171 0.015719684183915016 -0.09314664417850901 59.31449108744131
-0.09205141557423417 0.08513824100230108 0.992107865511517 36.89965219110118 0.023387975781631733 0.9962480589857063 -0.08332351142409145 -2.9141249003600973 -0.9954795525170806 0.015533347554141767 -0.0936972552113654 59.256915436873456
-0.092544222030288 0.08573508147553816 0.9920106162603282 37.625804545928155 0.02163175613433404 0.9962240793609483 -0.0840812156665565 -2.9819685499282613 -0.9954735727759645 0.01367770104238707 -0.09404938276693041 59.19865526309423
-0.09115391124559784 0.08473896786758255 0.9922249098815102 38.35410142341388 0.018728180161378574 0.9963426518142208 -0.0833701112128289 -3.0501115696323744 -0.9956606950826483 0.010983055154834257 -0.0924075363105859 59.134455520412864
-0.09075983424087586 0.08413110809129944 0.9923127577230393 39.06305309375292 0.014590773414018291 0.9964305794179061 -0.08314571385265287 -3.1223219779993805 -0.9957659171812112 0.006932319396666083 -0.09166341215573495 59.07769431276953
-0.09093757044982946 0.08556467990012367 0.99217389798073 39.77532136078442 0.010592772335439671 0.9963287268398134 -0.08495211149816555 -3.1860929229671493 -0.9958002568060128 0.002784533594245111 -0.09151008096231669 59.030671717938006
-0.09142450934508588 0.0861598676468004 0.9920776362251599 40.490990133778304 0.00580459391354344 0.9962791048300236 -0.08598983642603561 -3.249812701565095 -0.9957950922657225 -0.0021029707949225367 -0.0915844513731761 58.98034285971223
-0.09231228544764696 0.08574795519914 0.9920311134912065 41.198063885265924 0.0018756200517614726 0.9962983532189577 -0.0859422679628863 -3.3166070185899588 -0.9957283384562496 -0.006072853723775266 -0.09213140855753359 58.93738653991497
-0.09192299342050161 0.08045987396148074 0.9925101369571605 41.92531084620589 0.002724705182839689 0.996746766689493 -0.08055097191032616 -3.3848681454015277 -0.9957623909659727 -0.004700188946742446 -0.09184317591189352 58.872554724890755
-0.09214715639303346 0.07165223035157128 0.9931640647215983 42.72241483965021 0.0064026863596316555 0.9974296519998708 -0.07136592267172823 -3.450237612960606 -0.9957248149845658 -0.0002172488274981328 -0.09236907289178574 58.8142881413082
-0.09240374115800343 0.06610060512974673 0.9935251675833329 43.505179611984396 0.011558202341871663 0.9977980877966804 -0.06530990696596235 -3.5127930807433967 -0.9956545367639414 0.005448485180331597 -0.09296428040172053 58.750754036369976
-0.09143230235464543 0.06840730993412106 0.9934588939828912 44.281317956205335 0.01998595433856485 0.9975628159965453 -0.06685050314103803 -3.5732566177276106 -0.9956107149460052 0.013742928676629412 -0.09257665038271055 58.68245342068978
-0.0904859150693688 0.07431913660257705 0.9931208210025153 45.065707360208634 0.02536750591862854 0.997060088445131 -0.07230262563176043 -3.6285351509981765 -0.9955746023365186 0.01865062906248528 -0.09210518561973219 58.62405949478701
-0.0899011201743686 0.08061326923473587 0.9926828745448797 45.82458105487651 0.02831053803628791 0.9965229726828921 -0.07836120437651618 -3.687737425503217 -0.9955482419388221 0.021058626226111696 -0.09187073654857862 58.569819952806476
-0.08923819199503188 0.08459005904180279 0.9924117426757735 46.58350564037876 0.02887695539859796 0.9961878907523329 -0.08231529484437036 -3.7582945468738598 -0.9955916163449523 0.02131216154484223 -0.09134070962019286 58.510436894377776
-0.0885665459039996 0.08157320044299314 0.9927244229473382 47.34433568597301 0.025675969920105506 0.9964967545836505 -0.07959247874580813 -3.8286323089370606 -0.9957392788854358 0.018439931500095038 -0.09035074659887599 58.45200387216946
-0.08842456629759736 0.07657057808338072 0.9931354603713747 48.132111129699744 0.02520948736804121 0.9968936582283285 -0.07461578874988553 -3.9033947225965533 -0.9957638162846226 0.018438567083822733 -0.09008019439461729 58.394338015778956
-0.08749169033574868 0.07455746329464531 0.9933712240593969 49.00021370503458 0.022684556614394804 0.9970857498425393 -0.0728383027818185 -3.9756195116177637 -0.9959069308993665 0.01616143953971558 -0.08892802066053973 58.318568478587416
-0.08737213551070905 0.07513274215799123 0.9933384020524539 49.898193064538404 0.02066397421864892 0.9970739069075293 -0.0735977196224995 -4.049138093018847 -0.9959613999075386 0.014095929198268103 -0.08866901755544133 58.2526038202045
-0.08679232747060218 0.08036551026441774 0.9929795952849078 50.66853861813866 0.022303665986370694 0.9966477928744044 -0.07871291788603425 -4.119163731173056 -0.9959767258203363 0.015315407879183908 -0.0882938271097655 58.18983637648314
-0.08670878529304056 0.08278223527737663 0.9927883400178963 51.422392531097024 0.02246901729904342 0.9964506238724876 -0.08112519612137677 -4.1911154707115665 -0.9959802858564091 0.015272711173805825 -0.08826105867697219 58.14278589891351
-0.08734889614396657 0.08152522342859055 0.9928362444468637 52.18986887705097 0.022069625249403164 0.9965593986232953 -0.07988927748398685 -4.263566661404517 -0.9959332818938097 0.014933283647001033 -0.08884759454107836 58.09300845788698
-0.08711496434813584 0.07463374763143378 0.9933986041368863 53.01928368908245 0.023191907623853203 0.9970713314512148 -0.07287589051843484 -4.334398027880233 -0.9959282697099135 0.01669022805645447 -0.08859073247260663 58.02797235335494
-0.08686107225590958 0.07377284488056716 0.9934851390357003 53.86061729984367 0.022553266562088205 0.997144359331899 -0.07207271897148197 -4.39634608261515 -0.9959651119863216 0.016146021515882666 -0.08827684688113126 57.95146154494931
-0.08706752970430355 0.07721522282778334 0.9932054443240076 54.65192054191892 0.02019629169754575 0.9969235176989936 -0.07573380790847695 -4.461877390771026 -0.9959976682065331 0.013465111299466101 -0.08835912915389231 57.90445907224763
-0.08684951333367913 0.0799075128136691 0.9930115565438501 55.44360856120346 0.019419546172845362 0.9967243357790618 -0.07850783204378683 -4.536079488172918 -0.9960321497121147 0.012465466766587009 -0.08811679112488387 57.83853119216042
-0.08791965956144918 0.07967079275342649 0.9929364019133567 56.233225324371446 0.017566649539520914 0.9967654243855825 -0.07842258331228452 -4.60324236791711 -0.9959726634233227 0.010547678960698723 -0.08903482566943456 57.79000852451907
-0.08773970330715115 0.07579840907994916 0.9932554281978656 57.02985332014745 0.017190396519957546 0.9970675432748376 -0.07457080135919782 -4.67827750298458 -0.995995097744488 0.010531634669688266 -0.08878541513178614 57.735446242128894
-0.08685875635162738 0.07503037910310396 0.9933911609515642 57.850354495731175 0.01796960909191026 0.9971155574230636 -0.07374047934454499 -4.7449227348701974 -0.9960585573118305 0.011445844509017842 -0.08795648383912312 57.670837014555715
-0.08560149076120722 0.07507108566981112 0.993497215333701 58.65958974273288 0.01999622248979384 0.9970859254839111 -0.07361934723981592 -4.818469593483414 -0.9961287747402897 0.01356426548820686 -0.08685317977004019 57.60496195975038
-0.08447952338619162 0.07540554594102948 0.9935679210651784 59.46999331782917 0.022514326949964174 0.9970223371688179 -0.07375340174122867 -4.885985119225277 -0.9961708263196759 0.01613886079464718 -0.08592567696456097 57.5454450818739
-0.08350803354777375 0.07422015551539268 0.9937392901804065 60.28969464099731 0.022464569176926134 0.9971092704613357 -0.07258406086561976 -4.958473048762527 -0.9962538589459378 0.016262572838286523 -0.08493395822637465 57.48458371645283
-0.08144009322329725 0.07481732434608214 0.9938661274002035 61.12646429742101 0.023890936825166957 0.9970385345952374 -0.07309845189729672 -5.026145060710609 -0.9963918578317427 0.017791248125396363 -0.08298636717403156 57.40888804095397
-0.07999127378608188 0.0735866095011155 0.9940756545757544 61.96994036554731 0.024647724340736494 0.9971124410890464 -0.07182805517518513 -5.090545881527684 -0.9964907856086268 0.01875608508077963 -0.08157403673681077 57.34896315273099
-0.07970684219991507 0.07323783211332907 0.9941242574516839 62.801439767986736 0.022638212518206136 0.9971730881262036 -0.0716473562025493 -5.156994872456822 -0.9965612528291938 0.016794411694815728 -0.08113949158902697 57.304627442943946
-0.0782710324942087 0.07235997308666983 0.9943026097557981 63.6499874615669 0.024128605027393044 0.9972077410314996 -0.0706720004405629 -5.226976275747511 -0.9966400834261662 0.01845956450558857 -0.07979842471214937 57.24273536578466
-0.0759842497347356 0.07294457640154907 0.994437269296486 64.49182761024986 0.022851337109896373 0.9971859583991917 -0.07140014540434225 -5.300123134538584 -0.9968471348128214 0.017298934795838578 -0.07743730800066158 57.181142769495416
-0.07410952457204373 0.07564302337057643 0.9943771474561691 65.32272255022234 0.022978224971716935 0.9969839136399867 -0.07412878739214926 -5.369818319861941 -0.9969853457021554 0.017355372610247707 -0.07562414625438023 57.12386284077929
-0.07376446592528975 0.07408534573592855 0.9945200677281221 66.15956821567066 0.020263269062158272 0.9971423169821544 -0.07277774117380525 -5.443198453003112 -0.9970698087364107 0.014783816511156084 -0.07505488175790007 57.088888951591265
-0.07245742865192804 0.07286566449738606 0.9947062460699184 67.01608100821969 0.017437468956511385 0.997267827450128 -0.07178311089162275 -5.5156234382845275 -0.9972190610440277 0.012143939650849677 -0.07353005521699499 57.028448077315105
-0.07268577585641622 0.0744638902218401 0.9945712176818634 67.88072908607381 0.014003686540653046 0.99718683925777 -0.07363629794032361 -5.58112693186519 -0.9972565741831001 0.008575352127786238 -0.07352406806251797 56.97723436074775
-0.07384240252579878 0.07381505773268922 0.9945343819301279 68.73227892610431 0.011181637117160768 0.9972555650059399 -0.07318680930365787 -5.652956259873747 -0.9972072355235843 0.005716232727103673 -0.07446512004160606 56.932450924232676
-0.07508728997694002 0.07082695181391611 0.9946584548379769 69.57461087415957 0.009125357578380905 0.9974813985977968 -0.07033908799832643 -5.727470590676406 -0.9971352098552013 0.003795042571513188 -0.07554449628460055 56.889729664904564
-0.07611472703435053 0.06928169268930154 0.9946891953703906 70.43418672887145 0.007157349260434416 0.9975953797494713 -0.06893642472640332 -5.79938617103573 -0.9970733777812147 0.0018722608260728737 -0.07642757329228705 56.8337550184879
-0.07752960659535292 0.06846187236120081 0.994636683484966 71.2962921741812 0.005715991371833077 0.9976536549583089 -0.0682239854519718 -5.871804488110257 -0.9969736644183722 0.0003959559484508724 -0.07773902285904523 56.77779436554455
-0.07861244249344232 0.0688399340738608 0.9945255890935768 72.1556189335865 0.0058417864256669946 0.9976276304951626 -0.0685928888730472 -5.940223105144919 -0.9968881368621868 0.00041755155435430503 -0.07882809292458202 56.718646780934165
-0.0814143951884188 0.06773441386166355 0.9943760583576643 73.0431969848763 0.005976632275902089 0.997703285958866 -0.06747172039829659 -6.00915041290261 -0.9966624183356831 0.00044985073621578626 -0.08163223328790951 56.658943765695746
-0.08482872115043946 0.06308931422315937 0.9943962120296099 73.93391097890094 0.003018650055752591 0.9980051237658663 -0.06306076980901212 -6.078152113303153 -0.996390975380554 -0.0023476302767769 -0.08484994291253707 56.60320878855721
-0.08808952877877332 0.06334322960039392 0.9940965094915735 74.80379765358533 0.0022479815757505974 0.9979861804898038 -0.06339187747807308 -6.144456013621667 -0.9961100247956335 -0.0033494499775897674 -0.08805452678016003 56.53775982227599
-0.09346789253135547 0.0690312734349173 0.9932262765119061 75.65032856200126 -0.0033038581762909708 0.9975664492942043 -0.06964383507311929 -6.21662590764293 -0.9956168126276728 -0.009790941246646255 -0.09301236413835401 56.47819256628001
-0.09993152550364184 0.07197349460370074 0.9923877801973636 76.52626085145776 -0.002424223582887735 0.9973597781744395 -0.07257820623189976 -6.289513517461549 -0.994991363455243 -0.009658620727195394 -0.09949320426597966 56.394933571835516
-0.10810618209611685 0.06806894898876115 0.9918062671591523 77.4187354473925 -0.00021082366619111704 0.9976515678922803 -0.06849309918119244 -6.360224707573918 -0.9941393307509621 -0.007613623685803575 -0.10783795152165496 56.29479147531688
-0.11886814983082795 0.06567146634707782 0.9907358989476587 78.29805375157729 0.0016774735521060216 0.9978221849478519 -0.06593992196207714 -6.433955623916868 -0.9929086307602858 -0.006176223256015098 -0.1187194391328258 56.194822035404584
-0.13191584176193677 0.06683997307642087 0.9890048678805317 79.15936603477897 0.0021647656431724063 0.9977411048042032 -0.06714165304627366 -6.503193438542818 -0.9912585558177734 -0.006716083919969603 -0.13176255057803277 56.10139152312008
