1.0 0.0 0.0 0.0 0.0 1.0 0.0 0.0 0.0 0.0 1.0 0.0
0.999997722032129 0.0008925177139809344 0.0019389024428811859 -0.01759815090942351 -0.0008835182558047494 0.9999888567549929 -0.0046374304666862085 -0.004684484966554941 -0.0019430198260549474 0.004635706847064065 0.9999873673682 0.6799424845580584
0.9999940915077492 -0.0024425558748673486 0.0024188572486448833 -0.02019544883642658 0.0024559531546579478 0.9999815755820751 -0.005551287282383574 -0.0038152495741926645 -0.0024052533532432307 0.0055571950827361365 0.9999816660014917 1.3621813663764164
0.9999897166403284 -0.0035295380524921413 0.002847626157287341 -0.03274066259905056 0.0035341572072699642 0.9999924447282911 -0.001618709105604358 -0.0074077060596023725 -0.002841891347313729 0.001628756418343739 0.9999946353886601 2.0479973587800164
0.999977901046658 -0.006458744432391354 0.0015754487227493251 -0.029320504077990105 0.0064514162868296 0.9999685491265473 0.00461302348145807 -0.013329965575935552 -0.0016051935132381562 -0.0046027576629184466 0.9999881189172606 2.7371505669047673
0.9999486368530577 -0.010103223252072604 0.0008053171000432769 -0.03830799416910413 0.01009936783884568 0.9999381613322469 0.004655779283753294 -0.014997723646919682 -0.0008523056778229469 -0.004647406954657726 0.9999888375295143 3.4154675029870147
0.9999128377837915 -0.013201375079727531 0.0002013235467172023 -0.05778692795627238 0.013200992109699394 0.9999112469576945 0.0017977805278220236 -0.014995164189993214 -0.00022503885369887187 -0.0017949661587353992 0.9999983637256629 4.102717620474493
0.9999017336599201 -0.01401546343875778 0.00029968063641740644 -0.08733459967855305 0.014016042937892296 0.9998997138611764 -0.0020279942552233333 -0.012577213679866462 -0.0002712273032656718 0.002031995308317684 0.9999978987132007 4.765163468897895
0.999912911466356 -0.013191146093220515 -0.00040391536603516694 -0.09886680465962035 0.013189957357584386 0.9999090422803669 -0.002816414540332701 -0.016132853671645294 0.0004410303624748917 0.002810841636466028 0.999995952322565 5.424510537178986
0.9999121515591204 -0.013054516882014987 -0.0022953765241736195 -0.10004330920155831 0.013051808122464103 0.9999141120566729 -0.0011911400621484997 -0.01729254710897707 0.002310729137054704 0.001161076608388702 0.9999966562103916 6.088536982438905
0.9999051663561765 -0.013215976556361536 -0.003872500211540461 -0.1043717787446209 0.013221985358610445 0.9999114148908321 0.0015301876318824842 -0.018965660632572122 0.0038519342418164224 -0.0015812446597119729 0.9999913310963863 6.7557762318410095
0.9999037750502312 -0.013273835760413619 -0.004030623339079905 -0.11850074393387545 0.013287567275098408 0.9999059380788995 0.0033993455934453517 -0.024553828399888823 0.003985121855804941 -0.003452575670365128 0.9999860991659006 7.4168765154459635
0.9998737512194826 -0.015140833172597255 -0.0048204556961862965 -0.1268553636210147 0.015161274126668487 0.9998761030162894 0.004232538695868938 -0.026340432748903662 0.004755774293974496 -0.004305088593245045 0.9999794241998528 8.079875776882067
0.9998616426631428 -0.01573697495512623 -0.0053891697155057 -0.14389943646926742 0.015761219373655648 0.999865719965687 0.00448620121609037 -0.02794502626872171 0.0053178468214298965 -0.00457052040336507 0.9999754151220052 8.737649776491404
0.9998590556505524 -0.01598570772570994 -0.0051308851178377465 -0.17020405965897847 0.01600136657397127 0.9998673925892471 0.003025475920129193 -0.027237919344851032 0.00508184035065683 -0.00310715067001291 0.9999822600993302 9.39766550384684
0.9998455265894658 -0.016508735300469934 -0.006031966330511389 -0.1972620317407541 0.016518211099490143 0.9998624028351478 0.0015244995226234288 -0.035160759951458245 0.006005968789960938 -0.001623901321174803 0.9999806454543975 10.025453687495268
0.9998079147201635 -0.017797381480512835 -0.00820895092902363 -0.20458602540385695 0.01779512259876784 0.9998415936596543 -0.0003481376369127759 -0.030944643290845276 0.008213846517480552 0.00020199147660854446 0.9999662453927287 10.679253051324357
0.999811730571177 -0.017232066808380308 -0.008919601211900826 -0.22723921186450505 0.01722574241562621 0.9998513174271506 -0.0007853899790068764 -0.036074352594558386 0.008931808915232507 0.0006315953611582525 0.9999599111348424 11.329062097529448
0.999821831247865 -0.015602936215455918 -0.010623282996424491 -0.23543873727053954 0.015583395702519143 0.9998767286535373 -0.0019197071330598258 -0.03670132086334881 0.010651926517974935 0.0017538182786427806 0.9999417285936725 11.979549921618423
0.9998222462556492 -0.014385440987448334 -0.012187492765298171 -0.25511678642186464 0.014364882975599855 0.9998952483847996 -0.0017726800597722627 -0.043322498386917416 0.012211716890134994 0.0015972930519150554 0.9999241584367797 12.622523818600076
0.9997935856903738 -0.014539480223611618 -0.014191177795095503 -0.2646267488968833 0.01452619702127852 0.9998939497772263 -0.001038652489360531 -0.04206387598350466 0.014204774284856928 0.0008322942520088751 0.9998987607122009 13.271824776336208
0.9997912162378294 -0.013939970988481092 -0.014939917754843511 -0.29098731524386773 0.013952212157501424 0.9999024071985929 0.0007154399825557136 -0.047108780997360884 0.014928486513815935 -0.0009237355124353274 0.9998881372449174 13.918268291992463
0.9997902891309363 -0.013399047165958456 -0.01548687491144494 -0.32011521370294066 0.013415893522171348 0.9999095182862002 0.0009843991356650776 -0.04717407925983323 0.01547228362201242 -0.0011919629612695832 0.9998795865822144 14.558225461017788
0.9997597889318613 -0.014105271717388006 -0.016775152598373724 -0.3405871518225172 0.014124458474864432 0.9998997186478568 0.0010258268497003683 -0.05176363017580935 0.01675900079693853 -0.0012625203810219705 0.9998587609930597 15.191664691088707
0.999735183476442 -0.014019053056142225 -0.018249084106717394 -0.3582188195664918 0.014021868085045991 0.999901688429143 2.6304973590360035e-05 -0.04851085020069853 0.018246921239771542 -0.00028218425761565027 0.9998334712527459 15.83019368813918
0.9997152786739085 -0.013875623163691028 -0.019412075308151026 -0.3816289578383039 0.013894675336059547 0.9999031056651891 0.0008469229075876817 -0.052047351125913875 0.01939844280491214 -0.0011164062545799237 0.9998112092059286 16.453300340527594
0.9997052743842849 -0.013524651316515417 -0.020160559888286286 -0.4032231384827071 0.013581040443822441 0.999904228071255 0.002662710214636884 -0.05113842777321789 0.020122616845371106 -0.0029357268249420366 0.9997932095185009 17.081478867921522
0.9996687255168109 -0.014964992141418427 -0.020940110644490344 -0.42490573224156614 0.015085631607993831 0.9998704387792562 0.005615102346506586 -0.0508679713953233 0.020853367655703794 -0.005929137001391817 0.9997649635748576 17.706488901965226
0.9996408816068767 -0.014403892299999251 -0.022597249983959546 -0.4387804883293278 0.014565118955784022 0.9998695145924724 0.006986494000094923 -0.05201837798855925 0.022493668665454228 -0.007313116655685733 0.999720237463837 18.33102592210319
0.9996504929186152 -0.013336100224325253 -0.02282631022258702 -0.46427377376701756 0.013471064333457976 0.9998926180213613 0.005769129233089806 -0.05196184941452153 0.022746921402570525 -0.0060746075750730735 0.9997227999348197 18.9260103051181
0.999646477054403 -0.012399168466220092 -0.023519811522799004 -0.4900743225045946 0.012483485971508612 0.9999161557435468 0.00344152016453052 -0.055299523033669716 0.02347516753338984 -0.0037339127453816963 0.9997174472844268 19.521800919348056
0.9996290303804691 -0.012225475218161926 -0.024338023261842482 -0.5112923515131689 0.012258771276991352 0.9999241149975168 0.0012193330992833868 -0.04967748262536404 0.02432126944429866 -0.00151723502424815 0.9997030428334708 20.12373398209275
0.9996237911537234 -0.011277202279466582 -0.025002017282729768 -0.5398763605918513 0.011309487198561527 0.9999353841104325 0.0011502622408691692 -0.051721454901068234 0.024987430015177017 -0.0014325894964356053 0.999686738948043 20.70822724122546
0.9996010649120332 -0.011176910973759323 -0.02593815120271229 -0.5661332471326016 0.011205472322583258 0.9999367596885864 0.00095604053962104 -0.054226669395684234 0.02592582528595377 -0.0012463083769049766 0.9996630923959697 21.28476418945893
0.9995808260896989 -0.010555575783602307 -0.026958336998269883 -0.5974248002988544 0.01056309869607745 0.9999441995780621 0.0001366606062345449 -0.0584166196350745 0.02695539018030458 -0.00042136689606842405 0.9996365486466405 21.845495694337604
0.9995456116662741 -0.009539129685507306 -0.02859327199775372 -0.6282700772524861 0.009541818097353482 0.9999544749175789 -4.242289268465651e-05 -0.058641997251286854 0.028592374964164 -0.00023042818399333014 0.9995911279101878 22.39702279825151
0.99946828128257 -0.009415047775096578 -0.03121716812041461 -0.644933300564002 0.009442194983721092 0.9999551605986339 0.0007223199056211337 -0.054522642417180744 0.03120896768486313 -0.0010166944228397236 0.9995123644400287 22.95797519889387
0.999430656956915 -0.009803734430507367 -0.03228387718172103 -0.6754148509701461 0.009915107249579943 0.9999454268120619 0.003291511183355904 -0.05911367657311561 0.03224984624610718 -0.0036097352890512406 0.9994733199181689 23.50328656650858
0.9993673336215176 -0.008985222923916725 -0.03441218184341968 -0.7029707312373008 0.009170075478179862 0.999944341321473 0.005217659905337679 -0.066005707754183 0.034363384669462003 -0.005529921172214005 0.9993941053287682 24.036666001527294
0.9992917476443078 -0.007463384412002782 -0.03688225837855584 -0.7304063669372366 0.007681301136915648 0.9999538496907324 0.005770277421938666 -0.06842426255401071 0.03683749045236094 -0.006049494342576592 0.9993029585242769 24.570855479711188
0.9992162446524075 -0.0047760649195645105 -0.03929485496375984 -0.7594937511101562 0.0049753807306709835 0.9999752417709794 0.004976085977337564 -0.06961931317377652 0.03927011598306778 -0.005167692807543857 0.999215268569153 25.09236295982087
0.9991654657008869 -0.003324573320965949 -0.04071018745918708 -0.797150075895944 0.0035075214765104648 0.9999840656617326 0.00442331501491895 -0.07477797160024822 0.04069483313419991 -0.00456241546364899 0.9991612056726973 25.590469198222586
0.9990747235919337 -0.003124589380325793 -0.04289444743674283 -0.8218860898370661 0.003366449010395887 0.9999788352738185 0.0055674074286171165 -0.07555527059494811 0.04287614372538024 -0.005706658007994144 0.9990640972198038 26.0970608552282
0.9990746697848126 -0.0018170877927597728 -0.04297094816639606 -0.8594964102607061 0.0021428935420952275 0.9999692991876064 0.007537153939819649 -0.07592547092645463 0.042955933252961265 -0.0076222617508661 0.9990478912065076 26.595965342633672
0.9990688049316926 0.0013295971628739121 -0.043124878941767156 -0.8940019495128076 -0.0009682608791415672 0.9999642620056741 0.008398641694666061 -0.07995721460501201 0.04313450455525686 -0.008349064787742477 0.9990343876133314 27.076275358646843
0.999121190373743 0.005000387017776538 -0.04161541872701871 -0.9302615201720853 -0.004742744769234791 0.9999689866498008 0.00628745660996873 -0.08234416870774147 0.04164556780987075 -0.006084559823088126 0.9991139198377502 27.545259534118077
0.9991770405660072 0.006738128405457562 -0.03999799034132851 -0.9631644053145656 -0.006606419066882459 0.999972314786904 0.0034241622088295137 -0.08663506662155022 0.04001995543308593 -0.0031571007762083232 0.9991938930366941 27.985112990936894
0.9992760043577746 0.007447638851508573 -0.0373095134020287 -0.9908056484666949 -0.007390759977221652 0.9999713064593798 0.0016622048245625348 -0.08598098682516364 0.03732082236121966 -0.0013852557370916277 0.9993023753023041 28.433677299996695
0.999384824923915 0.008302429749162303 -0.03407405717043382 -1.017782040192657 -0.008216585157999006 0.9999627090656819 0.002658609855322413 -0.0864908474079138 0.03409485943855887 -0.0023770019523828784 0.9994157745511051 28.87458931154963
0.9994512956533566 0.013733459194736793 -0.030141329024637564 -1.0503799220878232 -0.013582055919950419 0.999894122985276 0.005222123753055528 -0.08398422970844806 0.030209855574171773 -0.004809877134739172 0.9995320053445703 29.32518126315072
0.9994800059553891 0.017803581007870575 -0.02688401381322609 -1.0710920359940712 -0.017578889606276953 0.9998087406273395 0.008571161262216147 -0.0824181390867945 0.02703146935747158 -0.008094113198407984 0.9996018132215995 29.768762266709686
0.9994776868877856 0.023419116625315296 -0.022268776121068225 -1.0955383642227372 -0.0232156998130004 0.9996867579474613 0.009349720139428684 -0.07979317261543689 0.02248076279028649 -0.0088278514363746 0.9997082996271395 30.19586637697328
0.9994747160598014 0.027451055454752245 -0.017225896539747602 -1.1020936544349684 -0.02729222627674682 0.9995834062286089 0.009388736723839624 -0.07363915231235214 0.01747645107099731 -0.008913671905037128 0.999807541535437 30.626385214566834
0.9994498605539172 0.03120401915340638 -0.011237678916415007 -1.1210325975078397 -0.03107741921872896 0.9994534476387792 0.011269428453130448 -0.07082964076607376 0.011583188397766632 -0.010913990637272594 0.9998733492572514 31.025703532173015
0.9993397020874083 0.035990906982685165 -0.0049814100829329196 -1.1299079497413698 -0.03592631539929274 0.9992762674583037 0.012499646252109024 -0.07111643537580564 0.005427678479927138 -0.0123124290520079 0.9999094681005674 31.415025654844882
0.9992170863727495 0.03949177575725111 0.0023693771950849232 -1.140021267757215 -0.03951771223519694 0.9991451584945455 0.012136831406997005 -0.07328361336576425 -0.0018880467287892217 -0.012220961682468726 0.9999235387643934 31.784790541285666
0.9990101230592974 0.043184199827662924 0.010672343242780966 -1.1522029526052504 -0.04331391670494695 0.9989865567122935 0.012237815482716064 -0.07355837670274788 -0.010133047158899261 -0.01268796253762944 0.9998681597900401 32.14605549537605
0.9987030159196995 0.047561192468284566 0.018171927907920795 -1.1542568341486168 -0.04777255849456869 0.9987934137577064 0.01137977544184507 -0.06753093688550692 -0.01760876621967718 -0.01223313554319971 0.999770114449819 32.49933663592807
0.9983026065222591 0.05253253400806984 0.025144356853055567 -1.1444601112024193 -0.05275663555863287 0.9985726277999243 0.008333331463700388 -0.061471605150040735 -0.024670695478578884 -0.009645718192078795 0.9996490968860845 32.839494722405036
0.9980022079741294 0.054053568260346095 0.03270786812200001 -1.1396256428049172 -0.05425194460613238 0.9985136987389142 0.00520768059531556 -0.06307414190263928 -0.03237776065782741 -0.006971742182088265 0.9994513872248781 33.13936679609951
0.9976680307495362 0.05478649124674459 0.04070553767255942 -1.1333945031643333 -0.05502117213388563 0.998474282196373 0.004666734345052031 -0.06128416079924534 -0.04038775850868167 -0.00689551805914341 0.9991602878384143 33.43036327994271
0.997364712856381 0.05412837681527237 0.04830888502389606 -1.117065219237642 -0.054489169390300914 0.9984952240215695 0.006182072894040511 -0.060512870247727675 -0.04790156540306082 -0.008798092375945452 0.998813312687853 33.71572439253055
0.9969113096901185 0.055237687618329236 0.055826861621556007 -1.1012731011695052 -0.05570047716882758 0.9984245925936227 0.006766812205100893 -0.059308059745379074 -0.05536512851152699 -0.009855494448972884 0.9984175337873784 33.9808779167813
0.9962043918306132 0.058392734569351845 0.06455306535642955 -1.0906852141291432 -0.05897621684076975 0.9982336464234229 0.007168890802813828 -0.06212993887071555 -0.06402043068075451 -0.010948776082514303 0.9978885252159924 34.22096020371487
0.9953302606967449 0.06274236459403217 0.0733557620538382 -1.079463092276158 -0.06341272392647042 0.9979639258796089 0.00684317814901667 -0.06710478527796343 -0.07277704710673301 -0.011462910978590856 0.997282358756197 34.441427417409486
0.9943127175541184 0.06715427595903521 0.0826590765165026 -1.0789062097558317 -0.06797829140639226 0.9976608776224805 0.007192020509213267 -0.07499705980189031 -0.08198275189094076 -0.012770140248042867 0.9965519313665678 34.637217497849235
0.9935100831857121 0.0663672032127053 0.09237482853051725 -1.0728211532147345 -0.06739620274847243 0.9976937238729843 0.008061339810418868 -0.07713914628194667 -0.09162677809137701 -0.014234735058135732 0.9956916720824879 34.83252285975179
0.9923755362213142 0.06532015035464261 0.10451829058640873 -1.0790715365575207 -0.06633630073867225 0.9977776091084883 0.006271998569195884 -0.08299038456311529 -0.10387632219985085 -0.013157534700317091 0.994503187006882 35.006120496816365
0.9911216096515179 0.06403281325756015 0.11652361867066141 -1.0563550912146904 -0.06469875779066309 0.9979029589841417 0.001937831529007048 -0.08457786368829509 -0.116155179058573 -0.009459560085527658 0.9931860304599847 35.17825154468918
0.9894720479738425 0.06502612783016834 0.12929295795929388 -1.0252494816656879 -0.0652411622267216 0.9978662007374453 -0.0025760778556716242 -0.08238744060969079 -0.12918458510889194 -0.005886265813403511 0.9916030934023046 35.351031374457534
0.9873134471790801 0.06695538441557389 0.14397615607149591 -0.995814854311551 -0.06700065968002865 0.9977426041142002 -0.004539552604666177 -0.09158985298985999 -0.14395509237884874 -0.005164536104221264 0.9895707447904004 35.50636804380351
0.9847625751096012 0.06819994811666746 0.159973240701033 -0.9653680047272255 -0.06812884346859525 0.9976588738286246 -0.005935668338747661 -0.09100089335396712 -0.16000353543325022 -0.00505356783662292 0.9871035052622312 35.67868590820894
0.9818119090363708 0.06811445215681158 0.17721680699565212 -0.936293666113536 -0.06785758213967519 0.9976666994969554 -0.007516998137874802 -0.08072175466339092 -0.17731532314076812 -0.004645225745268716 0.9841431288472542 35.885976802837334
0.9784793071856288 0.06714040635729071 0.1951164043429163 -0.9026835542748328 -0.06681453779060728 0.9977312307899132 -0.008258852600031272 -0.08770807932094332 -0.19522823297197295 -0.004955496001310448 0.9807453186786184 36.03871697126688
0.9745837039047577 0.06624543685799694 0.21400501437764377 -0.858731532695328 -0.06605716566826894 0.9977834569851397 -0.008038894865324745 -0.09693250719525304 -0.21406320316009045 -0.0063019887554353095 0.9767994830007698 36.18498928620917
0.969855213587759 0.0664561027627799 0.23444498519316637 -0.8289998443409955 -0.06612078741868464 0.9977682908950162 -0.009299416947776746 -0.10165250280261821 -0.23453977519341 -0.006482599017206453 0.9720849087205345 36.33212074902857
0.9643936035097365 0.06866287370493128 0.255402402659186 -0.7865493832946394 -0.06793155274852311 0.997621442785402 -0.011694487416919534 -0.10311647344554324 -0.25559789054426896 -0.006071792927139791 0.9667641137733511 36.49041254142152
0.9581344780568736 0.06981874896910326 0.27767546569884516 -0.7355193612952109 -0.06876479250839386 0.9975409433000464 -0.0135451006392898 -0.10995775244732237 -0.27793834796580325 -0.006116267852199054 0.9605794428352105 36.6397921483739
0.9507026788802636 0.07078310263769184 0.30191748665963497 -0.6780809090416854 -0.06957803812117386 0.9974673365835979 -0.014758355600433771 -0.11379362022367567 -0.3021974734856309 -0.00697601819105324 0.9532198183992521 36.79602101751753
0.9422206200833451 0.07332985086858695 0.32686853024013557 -0.6182194020458093 -0.07216636274626281 0.9972689802669511 -0.015703409989122428 -0.1201877666277762 -0.3271273745465698 -0.008792836226273817 0.9449393455949274 36.945518789406975
0.9323955467414318 0.07525827089375516 0.35351766162219966 -0.5473889630310012 -0.0742014094068276 0.9971057169650851 -0.01656321338328691 -0.12771176780845264 -0.35374100025129646 -0.01078804234426883 0.9352811998985087 37.10284554182919
0.9212061425975957 0.076103800438539 0.38155924100887517 -0.4755267068382587 -0.07496487305713542 0.9970260008418464 -0.017872365619535296 -0.1372193568673337 -0.3817846390938054 -0.012139407074541675 0.9241715880440683 37.24876259458231
0.9083335319779476 0.07415084183932488 0.41162099963314075 -0.39919716667672656 -0.07215234791130036 0.9971846482371713 -0.02041607236938016 -0.13743841135377644 -0.4119760106794511 -0.011154818448731538 0.9111264109057671 37.41876660215019
0.8936515418402826 0.07105560914034643 0.4431004651049017 -0.304379797265366 -0.06779200133412513 0.9974291434915623 -0.023223872820838043 -0.14238981302339068 -0.44361150382018044 -0.009284617567698673 0.8961710939073095 37.56036702567778
0.8764511624029537 0.07019461476992213 0.47634659228319587 -0.20519418658335636 -0.06471233821086136 0.9975131107564595 -0.027926817796709785 -0.14139318606854098 -0.47712228328364226 -0.0063490098652800855 0.8788139830862607 37.70555029827004
0.8572714243122657 0.07182429724230556 0.5098303398026326 -0.10044569504790163 -0.06382921177004044 0.9974089033738238 -0.033186009031483575 -0.14416715602345614 -0.5108928819062137 -0.004092651496394582 0.8596346394959292 37.85544991526564
0.8356515453057209 0.07360865326188687 0.5443053012723019 0.013733319320230766 -0.06315596520233954 0.9972835482574939 -0.03790578365236528 -0.15058304924092208 -0.5456169158736954 -0.0027000999814794585 0.8380303637533488 37.99721847060828
0.8114375262343173 0.07679672465944344 0.5793715596232804 0.1349628443429217 -0.06439774177741879 0.9970414535617461 -0.04196749615410932 -0.15586759196365607 -0.5808804282059278 -0.0032562188282620748 0.8139823862751844 38.144274261816506
0.7842664523860026 0.08093779605119218 0.6151221056280195 0.27616923502192636 -0.06761394680186676 0.996698950304557 -0.044939477741336595 -0.16798314231900904 -0.6167288592726543 -0.006346308546307634 0.7871500736886763 38.291602970814374
0.7546744446316813 0.08543659184527387 0.6505129294593047 0.41804725081373245 -0.07132245850510335 0.9962925113086635 -0.0481075755267319 -0.17709620772384993 -0.6522113074247123 -0.01009062357518158 0.7579700454392736 38.442113926312
0.7223234426267285 0.08620761885106452 0.6861611258909236 0.5779688788330197 -0.07076230748938961 0.9962054653359387 -0.05066918860193591 -0.19087659425339482 -0.6879255338120909 -0.011954801831506132 0.7256828113180872 38.582666950704294
0.688226916408938 0.08384969024634806 0.7206337079098057 0.7950387141271082 -0.06689418321948759 0.9964014653694425 -0.052050821905336414 -0.19441402569179214 -0.7224049278497792 -0.012383426634596845 0.6913593645587978 38.70724545555657
0.6500977483945549 0.08314527804239247 0.7552878790710085 0.9964777348799508 -0.06448998011552386 0.9964462185716465 -0.054184646893391746 -0.20218619011590983 -0.7571089485648893 -0.013483183359837688 0.653149480417352 38.84827145371094
0.6083459833763275 0.08250531527616133 0.789371925939268 1.2063408119076768 -0.0623841812405851 0.9964757402455567 -0.05607417438542671 -0.214755600995511 -0.7912163916659172 -0.015131822535506179 0.6113490406518389 38.992564689101116
0.5632867990637087 0.08195273727815129 0.8221871629095036 1.4349944408109772 -0.05821910988155297 0.9965324313391285 -0.05944449961031273 -0.22957664034269512 -0.8242078119292271 -0.014382702873193053 0.5661047788288853 39.12553765220373
0.5155326357612056 0.0805966972842243 0.853071083704036 1.6890871395886535 -0.05475776144667665 0.9966304404535855 -0.06106842656100364 -0.24354885228723042 -0.8551185233793362 -0.015229495991738992 0.5182088125701693 39.27419030225313
0.46742530686735445 0.07838175111296378 0.8805508977863936 1.9558218775421596 -0.05242104980534853 0.9967663960784142 -0.06089979627347211 -0.2608094727118857 -0.882476977624498 -0.017693296507715898 0.4700226922409442 39.404333286609386
0.4190965913497769 0.07616992073100955 0.9047409520381117 2.2517037531375785 -0.05196180663778576 0.9968537263796085 -0.059854981864684006 -0.274336476617922 -0.90645353867142 -0.021926955532296875 0.42173592549265826 39.52584096031422
0.36882268419379677 0.07598240402504892 0.9263889582149909 2.5452359533386155 -0.055095592656826106 0.9966879465194677 -0.059813150164452475 -0.2906857447455599 -0.9278654553834194 -0.028979502089852914 0.3717874193201647 39.64022419214876
0.3203354208330306 0.07644080517337837 0.9442150292513725 2.856942349496699 -0.05242412925914015 0.996642033106948 -0.062899670236544 -0.30149699070015684 -0.9458524878812505 -0.029350658406412912 0.32326708774628377 39.737304100781245
0.27416275488974134 0.07255104061701931 0.9589427148358001 3.1741861754577037 -0.04087478556532705 0.9971282219589788 -0.06375390872652593 -0.32491907285048793 -0.9608142566262539 -0.02171763058689067 0.27634092853834513 39.80339832231184
0.23067285878062319 0.06629538040547175 0.9707702893882094 3.5132339499348375 -0.027187239348617796 0.9977258748030846 -0.06167603071710232 -0.34351739802599074 -0.9726514721309889 -0.012165577886368677 0.23195066819501667 39.86098731584802
0.18979946969788666 0.06513623454243796 0.9796598553845274 3.8613820444396927 -0.017115323675331365 0.9978648167819252 -0.06303073158594967 -0.361511492387293 -0.9816736866178565 -0.004803996086951683 0.19050904079257402 39.901953534086786
0.1517211418558285 0.06676981788201285 0.986165547225194 4.218628254983535 -0.01385628922361481 0.99776140178219 -0.06542314852242345 -0.37833644232517544 -0.9883262105008238 -0.0037385202470913573 0.15230668108604672 39.9505112224134
0.11986955508476083 0.0674781912068089 0.9904938078934359 4.573558800868794 -0.00486139043242261 0.9977154173493622 -0.06738184374478974 -0.3976373556301115 -0.9927777478604408 0.003261854509411982 0.11992374101200393 39.9783493049066
0.09101402600874108 0.0655500246249265 0.9936899120658071 4.942041735506687 0.002293821924816385 0.9978148542320529 -0.06603222739571447 -0.42590998301894434 -0.9958469688916373 0.00828920656837412 0.0906647870113267 40.00378544288617
0.06659578959145543 0.06379976679230201 0.9957382138724709 5.305149554266671 0.009528850640743209 0.9978674587732207 -0.06457349089940292 -0.44839373665075744 -0.9977345347406601 0.013788563330395348 0.06584583287594291 40.01790111056919
0.047569655943031544 0.0629677303026744 0.9968812330332993 5.670833038186759 0.014231790576860224 0.9978670274795091 -0.0637091171354592 -0.4680724467634052 -0.9987665312626579 0.01721802572110128 0.04657204762332712 40.019601947750495
0.03177472022703243 0.06486082965373327 0.9973883095019327 6.048151316618226 0.017001426853402966 0.9977127390116924 -0.06542355767405507 -0.4891926333613934 -0.9993504483610568 0.019035839629787735 0.030599316498032776 40.02814191934288
0.018586351314862783 0.06478476377777143 0.9977261557797604 6.4426209436047355 0.01779018165226433 0.9977191253270623 -0.06511571541015854 -0.5118698009108927 -0.9996689737015865 0.018959993113270682 0.01739142546097975 40.03610223108087
0.007017359741828513 0.06579813122267404 0.9978082794754999 6.83723581620419 0.01879002419409063 0.9976479975997913 -0.06591970779598585 -0.5371666291471101 -0.9997988255909497 0.019211424016090807 0.0057645064172715185 40.04131283551083
-0.0018888678650394982 0.06931164319099282 0.9975932679686408 7.239859809928955 0.0236232059641256 0.997319743644681 -0.06924791026796796 -0.5533834042294573 -0.9997191487203634 0.0234355510852238 -0.0035211684377538023 40.03786033241298
-0.008047490629603903 0.07131441401314832 0.9974214215909577 7.666482366359641 0.02820222151449142 0.9970731324322886 -0.07106196791045263 -0.5815521598895708 -0.9995698437809227 0.027557629354127387 -0.010035161591454693 40.037921753928345
-0.012946991227599366 0.07048140977450075 0.9974290683022783 8.089532676148508 0.028368788642111988 0.9971370258046778 -0.07009253598191265 -0.6087873166795558 -0.9995136753687446 0.02738836697568888 -0.014909396542899663 40.04501176511178
-0.0163481420325281 0.06767395629335936 0.9975735430992988 8.514328636525095 0.025447123475902327 0.9974118629526325 -0.0672459630621514 -0.6368756335642961 -0.9995424864201077 0.0242860305722879 -0.01802793832237909 40.04130750438393
-0.018415532366352867 0.06028932262652215 0.9980110549211859 8.953247536047167 0.023521571899848177 0.997930189857052 -0.05985041208900225 -0.6704149665793521 -0.9995537023207048 0.022372611584208352 -0.019795515347627163 40.040962084037204
-0.019293848134517334 0.054906590548516786 0.9983050704762043 9.429649995016348 0.02484971097436913 0.9982088171804008 -0.05442103607788502 -0.6886245275311996 -0.9995049971304077 0.023757601260172016 -0.020623702230934585 40.040368963649996
-0.020286594623040884 0.052114324695478734 0.9984350510875178 9.91371604487294 0.027561201482815892 0.9982901939060247 -0.05154676443667598 -0.7180318257071641 -0.9994142455715888 0.026472361296273422 -0.021688241883002477 40.04079003474485
-0.019483932643990343 0.05399653997558218 0.9983510154446629 10.392103888653631 0.030478409178652827 0.9981085728508047 -0.05338860717103659 -0.7492747044942412 -0.9993455072909804 0.02938793072656993 -0.021092808844422776 40.023197502483164
-0.01797359647394015 0.06192514965190832 0.9979189474453227 10.89238738892766 0.031139584312788834 0.9976306656891394 -0.061346403036090714 -0.7663480332951351 -0.9993534290323033 0.029972165708005552 -0.019859334433793577 40.000923742538696
-0.014979146662567581 0.06988220374417818 0.997442781699842 11.358728467302898 0.03241296536598973 0.9970643667701549 -0.06936892815525068 -0.7914030234723691 -0.9993623090958796 0.03129099098913162 -0.01720026283153034 39.991608373258046
-0.012122898201477075 0.07058881277859166 0.997431829675445 11.844321506467542 0.03353220117029026 0.9969727886275608 -0.07014877205522228 -0.8198978423098464 -0.9993641112346769 0.032595678343744564 -0.01445319789663935 39.98233919687543
-0.010149966716532698 0.06608597558359287 0.9977623073692543 12.338657211942527 0.03278959064970655 0.9972991006652082 -0.06572173580625394 -0.8494065129115971 -0.9994107368448077 0.0320491441933596 -0.012289484765253393 39.993796701490275
-0.007428070470684294 0.05956155936810279 0.9981969967970865 12.851280051532154 0.03266943380415743 0.9977061208576723 -0.059289160038299885 -0.8794239875089493 -0.9994386083517097 0.03217012665146025 -0.009356873795813465 39.99340422644809
-0.004719408258362213 0.05762213881486325 0.9983273092047976 13.35565050489788 0.03101791331558184 0.9978664800064063 -0.05744890889447531 -0.914020455428908 -0.9995076869335441 0.030694905082423986 -0.006496657813303907 39.99994885973567
-0.001817218257303877 0.06323995785923578 0.9979966961106472 13.850928430685057 0.039159634670585884 0.9972373443631116 -0.06312053564466533 -0.9392566661967701 -0.9992313149267676 0.03896648223236255 -0.0042886515553938066 40.00755965662235
0.0016930100778653864 0.06866637732224118 0.9976382422212552 14.335753823885618 0.040722835520972285 0.9968073746672992 -0.06867829697955978 -0.9735163949166604 -0.9991690469505214 0.04074293109632737 -0.0011086846585133677 40.01757411142612
0.003755921546128691 0.06908472829981792 0.9976037256190854 14.823357856083184 0.034661296646121394 0.9970023122559174 -0.06917357783979755 -1.0073067608965702 -0.99939205898794 0.03483804920039237 0.0013500962048244504 40.04018837656771
0.008029943333244317 0.06576695187706691 0.9978026999617029 15.33151156678312 0.030190179765239526 0.997364056283723 -0.0659809993787286 -1.0376246027992868 -0.999511917415602 0.030653666568169625 0.006023260754791525 40.045679403123955
0.01318567209184895 0.06219887517131919 0.997976672061481 15.857813905886818 0.034635909437081246 0.9974360820992235 -0.06262280658044597 -1.0689604758398632 -0.9993130099368058 0.03539155342688473 0.010997550503615833 40.04851741659539
0.01631739645676636 0.06280974941958774 0.9978921173908135 16.34787067258085 0.0392558591922414 0.9972152573822468 -0.06340905269069494 -1.1092639689277517 -0.9990959513940385 0.04020778310104654 0.01380630602832619 40.06775284834613
0.019344384003027973 0.06724750153236667 0.9975487799326896 16.849504736420094 0.03890604882682442 0.9969291506724829 -0.067960193526209 -1.1435289118249625 -0.9990556111509685 0.04012532961969467 0.016668645736319924 40.09102229865148
0.022495260203792267 0.06848140564480285 0.9973987469158342 17.35329439619795 0.03518349540473344 0.9969789856257965 -0.06924611087748299 -1.172156330437269 -0.9991276619729212 0.03664968351109293 0.020017886478550666 40.1176654684173
0.02601474502292332 0.06815087084425486 0.9973357969332911 17.858283115172174 0.03453956919704827 0.997016488653985 -0.06902998994462221 -1.2048414665144391 -0.9990646881964561 0.03624334635821817 0.023583228016618624 40.135215283272856
0.029929625866626477 0.06481397961333356 0.9974484275099976 18.361337771530632 0.03909079637017293 0.9970561648789268 -0.06596145629127619 -1.2416088233804858 -0.9987873282809693 0.04096525507796149 0.027307887903833518 40.15880720041483
0.0334529176072168 0.06527607199419204 0.9973063404634379 18.865284507641366 0.04400348955442407 0.9968010160017536 -0.06671901831486611 -1.279827891604704 -0.9984711288818545 0.04611690495766858 0.030473527306945598 40.18222469506868
0.03612119731307272 0.06589995430642075 0.9971722294203157 19.36457732300834 0.0466625004804861 0.9966238349712884 -0.06755399777974008 -1.3181376728109715 -0.9982574167786508 0.048970680917544945 0.032924189540420964 40.2144594723156
0.03887504707261048 0.06588417667557557 0.9970697096887884 19.87250742283602 0.04723590391356768 0.9965873229403749 -0.0676939963069089 -1.3496855982416258 -0.9981269959762517 0.0497290962949563 0.035630280452401145 40.24334024362076
0.04141393433868224 0.06412998620982165 0.9970818576783553 20.38053833906746 0.048637815023969945 0.9966255069015677 -0.06612081323518064 -1.387386859769363 -0.9979575386720071 0.05123420597526223 0.03815504089631362 40.28008658051271
0.044888385287590336 0.0634006191286474 0.9969781313350747 20.87758971540108 0.0509980658441104 0.9965374113829236 -0.06566875203912481 -1.4178069058475786 -0.997689445742731 0.053791720629855704 0.041499646326773706 40.30989572280357
0.04805311717278646 0.06350202335050381 0.9968241524764391 21.400723364482573 0.04919521428756846 0.9966154020868984 -0.06586024001144007 -1.4563148314370205 -0.9976325620293194 0.05220376761840395 0.04476648104626246 40.34145808479344
0.050649566116915824 0.06603718181128648 0.9965308384945203 21.929591378910697 0.04639279007992481 0.9965788374277804 -0.06839831737467984 -1.4830215308808719 -0.9976383766078635 0.049696191096606564 0.0474126366037759 40.37714735723828
0.05324593475887888 0.06605005373129008 0.9963946310743287 22.45860631884042 0.048206864904192806 0.9964766939172357 -0.06863160100040025 -1.5201161392513975 -0.9974171487435773 0.05168741512073259 0.049874267015920765 40.410925310239335
0.055432160896546234 0.06599669098290457 0.9962789329889733 22.981423634416625 0.045798662469052474 0.9965948080022282 -0.06856581640322737 -1.5554965421133773 -0.9974115289359705 0.04942899394386125 0.05222084357144101 40.45599374093428
0.05790546643558987 0.065958124293804 0.9961407946653529 23.512234394888083 0.04418494141453781 0.9966679551644578 -0.06856149138172239 -1.5942699353661935 -0.9973437962453446 0.04798450779090254 0.054798166967468295 40.49263002621118
0.06109899307294728 0.0657397332017837 0.9959644574602204 24.04579998993728 0.04134581196763651 0.9968055508400023 -0.06833167382181092 -1.6351181833116437 -0.9972750056419812 0.04535395565010566 0.0581857527980845 40.53244862611824
0.06244984860910646 0.06764661775358527 0.9957529570707794 24.575682895020304 0.03953926886280128 0.9967494365276399 -0.07019406669813064 -1.674338889523213 -0.9972645900795333 0.04375495272910917 0.0595721536053445 40.59289559392582
0.06583867620957999 0.07089339101630351 0.9953086937353562 25.101590263430975 0.038145906373505324 0.9965649655084372 -0.07350618578123408 -1.7172171249610442 -0.9971008768133337 0.04280650220901918 0.0629082254297124 40.6310274516837
0.06887701342989258 0.0731696283865284 0.9949382706996235 25.628828782969464 0.038111192975618866 0.9963857376439548 -0.07591441753501736 -1.75336170845024 -0.9968969324814669 0.0431470427895463 0.06583949200566017 40.67098652050178
0.07306219838294829 0.07583754948403611 0.9944398328987575 26.158661899413755 0.031840561442967055 0.9964190527468165 -0.07832783649589281 -1.7870794562763326 -0.9968189874869218 0.03738632652971879 0.07038585635030424 40.70881027171589
0.07458913449612072 0.07482485690390653 0.9944031887541549 26.693461692229313 0.02759307452739679 0.9966443108723022 -0.07706321978734816 -1.8310459131452297 -0.9968325251782518 0.03318672016299885 0.07227418869539384 40.77706187575017
0.07896193665138328 0.07504824423875617 0.9940486776797929 27.228499288537787 0.029819326647949645 0.996538152820581 -0.07760488213509105 -1.8722796171457132 -0.9964315432173606 0.03576969401068717 0.07645069438439209 40.81882587458915
0.08293241504313394 0.07592261130829067 0.9936588809180168 27.761041640961974 0.029286230168652366 0.9964773695864302 -0.07858224115289673 -1.9159157825415196 -0.9961247568741712 0.035617537734003966 0.08041678772584993 40.863474821753854
0.08698873236200548 0.07635879133291672 0.9932785588284032 28.303621197314847 0.025627703899116863 0.9965566106202912 -0.0788552003475403 -1.9588301264801786 -0.9958796017766982 0.03231496271338231 0.08473229579045892 40.9199643470986
0.09096308448273689 0.07478653896780958 0.9930421395140313 28.856914682054633 0.024423541267019625 0.9967086935559685 -0.07729987595026545 -1.9963355293458112 -0.9955547237060194 0.03128504082088144 0.08883714497590961 40.98108059623409
0.09630681450786276 0.07474048458055063 0.9925416149683675 29.414896975897847 0.025287748531546122 0.9966712015230464 -0.07750513420932593 -2.039963270704516 -0.9950304152404376 0.032563415350120015 0.09409620995120753 41.04091055031227
0.10025785624890048 0.0786369108673188 0.9918490805105494 29.962735551395916 0.022015533687929634 0.9964524326042504 -0.08122724809754667 -2.0837860832377686 -0.9947178889196746 0.02997975660858037 0.09817095118658767 41.1162898951379
0.10658616443410525 0.08704396021267947 0.9904861122407126 30.484220572665517 0.019948574807341943 0.9957730623986235 -0.08965524281611255 -2.1296753119334166 -0.9941033366377893 0.029314794758845655 0.10439922841604002 41.177942345070036
0.11456002877110698 0.09192446837619267 0.9891541295074895 31.002042804968887 0.018405238320384834 0.9953422472011547 -0.09463116896096213 -2.173929830768462 -0.9932458139908453 0.02904656692799002 0.11233454472852179 41.23878795758307
0.12130522584970015 0.0951604101150231 0.9880432877805991 31.51727215686738 0.013527049433620014 0.995143105493508 -0.0975049666547819 -2.2197753051071833 -0.9925230783791269 0.025193172397890564 0.11942881959291024 41.31841046028299
0.12807502750170982 0.09321656985752927 0.987374021551324 32.05545221527449 0.009968412858039821 0.9954017962020167 -0.09526749111256701 -2.2699539444050116 -0.9917143833158483 0.022043938436387106 0.12655689117027222 41.401492154370054
0.1358421265009922 0.09142225199785727 0.9865033646710644 32.60602781420576 0.010112102016907917 0.9955535074902987 -0.09365339885212602 -2.318942082806997 -0.9906788894795803 0.022697699517693678 0.13431363436418362 41.48534448182758
0.14205294870198862 0.08779966980771253 0.985957492870118 33.15362785751567 0.00987446810959037 0.9958832069744121 -0.09010623144880003 -2.368551558020268 -0.9898098073087723 0.022535661694483185 0.14060117107395703 41.59089138151176
0.14884744290827906 0.08195458715375203 0.9854582103692305 33.71631101394642 0.00777634378643485 0.9964318889173548 -0.08404177072086538 -2.4204937221334792 -0.9888295946304343 0.02017266450028204 0.1476790316530295 41.693856633350514
0.15543553423650924 0.07471915895989742 0.9850161633094852 34.30519336910631 0.005044984117235757 0.9970622611047912 -0.07642902338672666 -2.4632785565944704 -0.9878331553617115 0.016849176980408623 0.15460194825167703 41.80333658736769
0.16299502461487955 0.07198589057047552 0.9839972832836339 34.89153186524325 0.005232556844246934 0.9972576525663485 -0.07382272513744545 -2.5096009411038525 -0.9866130154724669 0.017181558620282745 0.16217136536303314 41.910406828655624
