1.0 0.0 0.0 0.0 0.0 1.0 0.0 0.0 0.0 0.0 1.0 0.0
0.9999969333768536 -0.0017282481616485365 -0.001773808100737205 0.002677540675783286 0.0017263059777029724 0.9999979094649931 -0.0010958710311956624 -0.004626291242743962 0.00177569832962436 0.0010928055350446133 0.9999978263333901 0.4177187231977018
0.9999924752934367 -0.0021495405101704433 -0.003229370232492482 0.003087839310880907 0.002141534316038065 0.999994630220324 -0.002480596962909626 -0.013549085381953964 0.003234685035147031 0.0024736624899733216 0.9999917088689332 0.8231844084346333
0.9999835717046951 -0.002082122709726333 -0.005340513621396817 -0.005609710519211928 0.0020610616806811858 0.9999900900705556 -0.003946110164688187 -0.02272046998032888 0.005348676982872612 0.003935038208844885 0.999977953321386 1.224410498856845
0.9999688813116819 -0.004491978376673784 -0.006485255471094266 -0.022375809538162903 0.0044577060712840694 0.999976074905359 -0.005289468163719111 -0.03983353389212092 0.006508860487358891 0.005260394199720661 0.9999649808808405 1.604864155206891
0.9999421854558793 -0.006765397351927777 -0.00835793900363714 -0.022313988050756392 0.006702562290026493 0.9999492366537981 -0.007523282145199281 -0.04430171956276153 0.008408412719788916 0.007466827583283684 0.9999367705417053 2.0132232956378235
0.9999168567197193 -0.007986340078332606 -0.01012413057539148 -0.025685200610767414 0.007902962561034392 0.9999347468622258 -0.008248951468934602 -0.05482548280141867 0.010189348875824822 0.008168254999150302 0.9999147247539439 2.411526410712737
0.9998856579358861 -0.008445784674300861 -0.012543515270974703 -0.0219077235239131 0.008352929862418711 0.9999374604590958 -0.007436647990157935 -0.06431320058532979 0.012605539132911845 0.007331022565190073 0.9998936725929 2.8291887728136316
0.9998727613330572 -0.008911429807854278 -0.01323055414501958 -0.03380728432364472 0.008807287562181368 0.9999299384009305 -0.007908854234973431 -0.07653279265892929 0.013300106390615189 0.007791322627941379 0.9998811941734406 3.232873978023026
0.999864674052173 -0.008733390546045706 -0.013941358330862411 -0.04557011076718524 0.008586302796137275 0.999907210899916 -0.010575679394040163 -0.09175785567058636 0.014032426263206938 0.010454543506184069 0.9998468850445275 3.629516621524066
0.9998787979709821 -0.006660478233004275 -0.014072220784493878 -0.0659113794458476 0.006457221523374554 0.9998748842966203 -0.014440223094579952 -0.1022519630009636 0.014166638920293528 0.014347605463310285 0.9997967056152818 4.034014475725938
0.9998880027778395 -0.004772339103683256 -0.014184734062333653 -0.08410164163373349 0.004510602744081595 0.9998200331232733 -0.018427040681135223 -0.11221608211337532 0.01427012136685502 0.018360995203380765 0.99972958218276 4.434282174691196
0.9998846116330323 -0.0033222592974861977 -0.014823157983954553 -0.09468513379685181 0.0030486023287725314 0.9998252101877038 -0.01844600490506161 -0.1203665285444993 0.014881849458250248 0.018398686536728992 0.999719970236878 4.843925225523524
0.9998777694735032 -0.0005122145837402854 -0.015626379904157786 -0.10773238712745574 0.00032857374852584734 0.9999308855859942 -0.011752280225732572 -0.12447381941580876 0.015631319585391542 0.011745709320112145 0.9998088318076539 5.278508678517173
0.9998611187136032 0.0002538175008100946 -0.01666369891274825 -0.11735440719433354 -0.00027197465881728113 0.9999993718319204 -0.0010873663376448532 -0.13269735704217647 0.016663412452538266 0.0010917474266356347 0.9998605596646922 5.735023573626746
0.9998413071778004 0.0018165051041032418 -0.017721759793845535 -0.1320447474167618 -0.0017131229164438963 0.9999814383318885 0.005847067774815296 -0.1458163550839863 0.017732052076880698 -0.005815780334304601 0.9998258603518138 6.202203488923713
0.9998307985611149 0.004353096219424018 -0.01787245931437476 -0.1611067389208998 -0.004256553329073102 0.9999761641284357 0.0054362605473794925 -0.16387389568184826 0.01789569787396851 -0.005359265648078153 0.9998254959088189 6.665549296190325
0.999807116228579 0.00713782475879614 -0.01829704337868592 -0.18151228736787348 -0.0071806958047002534 0.9999716227764627 -0.0022784313838518895 -0.16683322711778306 0.018280261115454933 0.0024093774140426516 0.9998299990268475 7.1326386578993315
0.9997832312589545 0.006874899800122604 -0.019652639673558323 -0.19755129674899366 -0.00703438789859758 0.9999427931858921 -0.00805777528170315 -0.1754914173809177 0.019596119010982103 0.008194272898596122 0.9997743975574537 7.599447221227812
0.9997666157572458 0.0046522883820554846 -0.021096687657324965 -0.201569410084785 -0.004798845637976928 0.9999646686284489 -0.006901635700412258 -0.17532834628766894 0.021063833882830573 0.007001264714931901 0.9997536182452887 8.08818037589182
0.9997968116310003 0.0036502359340794695 -0.01982451084158784 -0.22617145662291718 -0.003595043989307235 0.9999895645326359 0.0028189509655339763 -0.18314888578510527 0.019834593799664662 -0.0027471081989417587 0.9997995010427564 8.610301390636078
0.9997786708358922 0.0029229407830085505 -0.02083424485772693 -0.2377893716381041 -0.002707557667432708 0.9999426820139464 0.010358659094449585 -0.18597211103629366 0.020863328427897107 -0.010299956501679997 0.9997292795667094 9.169305802408953
0.9997639491056318 0.0015910226351929723 -0.02166828824993392 -0.24896906596577076 -0.0013067987932047075 0.9999130109790448 0.013124890541875179 -0.1905890570800023 0.02168728534469177 -0.013093476306787243 0.9996790597649728 9.745452107744038
0.9997619446819015 -0.0001735852737981009 -0.021817970437506707 -0.26250450756855714 0.00043884321561415133 0.9999260462977749 0.012153573628089517 -0.19339754948945845 0.021814247236413894 -0.012160255073557205 0.9996880847614688 10.336425204436416
0.9997688897585674 -0.0006833375459616943 -0.021487208304392897 -0.275022964354813 0.0008865202669599937 0.9999549747919205 0.009447881810598042 -0.1920962053037645 0.02147978474599889 -0.009464747153992788 0.9997244807488588 10.935241373651078
0.9997746515409566 0.0026276086063674073 -0.02106518001742911 -0.2892344172941465 -0.002501412642547199 0.9999787820312462 0.006014850130955285 -0.19547785267556772 0.0210805377290697 -0.005960801986132605 0.999760011087028 11.533716646182276
0.9997888631605242 -0.0019296859876307463 -0.020457404824963325 -0.3021237271671999 0.0019355579271750484 0.9999980910983868 0.00026723602474404494 -0.19367244757256818 0.020456850092179818 -0.0003067760934516408 0.999790689680962 12.15099457923811
0.9997889926873682 -0.0044735148449528365 -0.02004888441050943 -0.3098097635889106 0.004349473028107229 0.9999711571615113 -0.006226309456345711 -0.20305851651386395 0.020076159631558666 0.006137793577533669 0.9997796133670895 12.769751797451285
0.999835133351728 -0.0029547586664776452 -0.017915789593296188 -0.3344837528798625 0.002738608113300844 0.9999233157372065 -0.012077361910309599 -0.21152381714382132 0.017950101423953306 0.012026306429396215 0.9997665536576703 13.397836775605487
0.9998514307098797 -0.002100202895409783 -0.017108642704812764 -0.3601545476758404 0.0018790709268793767 0.9999146255377616 -0.01293099872901378 -0.22175533283838397 0.017134339784615194 0.012896929226608206 0.9997700153618674 14.04180551852822
0.9998487965599882 -0.0014824950215717727 -0.01732588312469147 -0.3698865656671213 0.0012734533057951931 0.9999263428387913 -0.012070095845419253 -0.2394535947384637 0.017342500806327554 0.012046207102266311 0.9997770384241835 14.704687308097524
0.9998521914226809 -0.0007469779962160407 -0.017176650754196516 -0.3843843669075998 0.0005140124991088038 0.9999078816294052 -0.013563334639608375 -0.25586374173468607 0.017185199981649624 0.013552500849232204 0.9997604706240001 15.379800493819538
0.9998407413885011 0.0023185172996368236 -0.017695093591725997 -0.39356217206470284 -0.002600837954574975 0.9998694328983598 -0.015948441850105025 -0.27154091457518303 0.017655806456312505 0.015991923994424628 0.9997162251685894 16.054921424683428
0.9998253349874989 0.006238800239760252 -0.01761751653043981 -0.41712752120719876 -0.006527408796543477 0.9998446598622799 -0.016372204472366852 -0.2920028903515037 0.01751263690980981 0.016484341553443162 0.9997107451818321 16.753130755336535
0.9998245595157894 0.008137226321778563 -0.016871151023050056 -0.442984319473539 -0.008415056168709823 0.9998290688405301 -0.01646268298778325 -0.3117655245523489 0.016734306640310545 0.016601766450199326 0.9997221335611215 17.441242060656105
0.9998058732769367 0.009058262213633688 -0.01749753258627457 -0.45657457788307954 -0.00934827836011727 0.9998190950681982 -0.016564625824661824 -0.33180654288372347 0.01734432047214658 0.016724981993364547 0.9997096826202498 18.14018672876458
0.9998120869493936 0.009113854617784552 -0.017109308691493862 -0.4793575555364786 -0.009396467467384482 0.9998195302482408 -0.016511006429680054 -0.34936092136429653 0.016955742066609856 0.016668670858603418 0.9997172891486762 18.831052163583813
0.999810656655966 0.010145460670276309 -0.016604832578225003 -0.508161170507227 -0.010402069672727143 0.9998266686570818 -0.01544116539011105 -0.3665394709671362 0.016445296704128424 0.015610966333604046 0.9997428919209398 19.511825045539805
0.9998051194080059 0.010751285883193606 -0.01655696401508692 -0.5301700248671535 -0.010969756309344577 0.9998532118394926 -0.013161277322655738 -0.38818215432527675 0.016413032993713394 0.013340338305608863 0.999776298839815 20.220029864954917
0.9998034486616283 0.010759058743733028 -0.016652528314327467 -0.5444659733118341 -0.010952098467947542 0.9998733770279247 -0.01154475854755008 -0.4129772300975348 0.0165262089863061 0.011724869539646228 0.9997946848482538 20.933530344481124
0.9998106400723146 0.010182686692135864 -0.01658303017884936 -0.561232148692448 -0.010393461337830038 0.9998656629572824 -0.012674068029403424 -0.4326721818840094 0.016451746399759198 0.012844023151826874 0.9997821618281021 21.640091285960736
0.9997885842414559 0.011890249667595776 -0.016775243166695496 -0.5744090494979979 -0.012123886646117585 0.9998299526514488 -0.013895220530628338 -0.4503921419231567 0.01660717293977976 0.014095664008654868 0.9997627288827601 22.36302783620957
0.9997851234066353 0.011483968976082903 -0.01725762067405968 -0.5819212943199176 -0.01170893877884285 0.9998470431206086 -0.01299196350250984 -0.47087210830405135 0.01710578169645596 0.013191240257593441 0.9997666644837782 23.089091725834937
0.9997940292016247 0.011358774707795324 -0.016818959834428167 -0.6077301435588234 -0.01153620897987781 0.9998784253865989 -0.01049048753825644 -0.48854979983802693 0.016697755991368003 0.010682353839638056 0.9998035168278304 23.822309476557667
0.9997886658872874 0.01194468240491103 -0.016731650413444175 -0.6313678027638485 -0.012057252101596869 0.9999052400922586 -0.0066433054877699 -0.5073527099183694 0.01665071274962593 0.006843639257810951 0.9998379460525785 24.572119351288382
0.9997752865288969 0.012078188658622086 -0.017421073582953136 -0.6482998408769447 -0.0121594007167975 0.9999156588726327 -0.004563344773246209 -0.5208144126514005 0.017364487330883045 0.004774149142815419 0.9998378278899527 25.337633694608375
0.9997695001219317 0.011934138406833958 -0.017847211726853784 -0.6602411830202016 -0.01201097671066848 0.9999190266147491 -0.004204361101325755 -0.5390203635364001 0.017795591150408893 0.004417754441007261 0.9998318860595052 26.0977891925514
0.9997671015271905 0.011107950339698955 -0.018502868511797003 -0.6771246713328867 -0.011217643879422982 0.9999200539214045 -0.005835257630240872 -0.5530481543611128 0.018436571528042123 0.0060414571973646 0.9998117790990586 26.868093527281495
0.9997502733938726 0.0119927505065399 -0.01885642554038086 -0.7017689674992004 -0.012115813631918038 0.9999059544283987 -0.006425679627057637 -0.5700888550807796 0.018777590604461814 0.006652535901504824 0.999801553238027 27.624326058965785
0.9997313016299622 0.011289168140313133 -0.020245474159820122 -0.7115934139143505 -0.011397568783838598 0.9999212794151471 -0.005246941832499093 -0.5866898217815157 0.020184646815685627 0.005476281172080143 0.9997812712675964 28.393912093430774
0.9997111060293556 0.011244617535551381 -0.021242953138303232 -0.7277121454602457 -0.011310280712802481 0.9999316157623099 -0.0029734406291034416 -0.6070969056389236 0.02120806525250916 0.003212845383197894 0.9997699213282972 29.176376451451592
0.9997130472822771 0.010875747524538291 -0.02134341138055663 -0.7560260436840034 -0.010887182322134195 0.999940644826574 -0.0004196247150659618 -0.6221701102954267 0.021337580806217976 0.0006518739136910866 0.9997721153871714 29.95456071496115
0.9997067835118992 0.012288852856671492 -0.02086458951795542 -0.7899743856406287 -0.012303909334238264 0.9999241279646033 -0.000593404857001405 -0.6405296718880469 0.020855714214110286 0.0008499468786393517 0.9997821346548075 30.729215594067472
0.9996763541217103 0.013757729745719876 -0.02139887572190351 -0.8090985062541111 -0.01385410806522416 0.9998945119692031 -0.004362181058593894 -0.6576911243860222 0.021336604688537746 0.004657231593400611 0.9997615013063121 31.503933680410544
0.9996686158555382 0.015126041944395827 -0.02082933816906837 -0.8435049616541948 -0.015305678721088102 0.9998467996204735 -0.008491966061201216 -0.6748538550061136 0.020697697271724907 0.008807959116283022 0.9997469805825145 32.24638865613064
0.9996586952305669 0.015613682027295558 -0.020945309342751992 -0.8600330807927675 -0.015805370268235124 0.9998344217281762 -0.009017726884787206 -0.6932483486718796 0.020801041334441592 0.009345697461138057 0.9997399534970922 33.02579577414608
0.9996665348382999 0.016037265346885203 -0.02023920069004728 -0.8880788916811622 -0.01616803474682554 0.999849351557788 -0.006314177848078028 -0.7117206233176193 0.0201348895403961 0.006639300389746723 0.9997752276954711 33.81124695673299
0.9996726515268682 0.017252794707991743 -0.0188926140064436 -0.91997227510112 -0.01733556532779636 0.9998407963463115 -0.004226125452485491 -0.7319035027936125 0.018816693758425585 0.004552256181094046 0.999812586938004 34.601592629961914
0.9997000552012788 0.01585935744626339 -0.018662272421746114 -0.9413696085393302 -0.015917128977891846 0.9998689592215412 -0.0029511676220884842 -0.7491426860684327 0.01861302328083909 0.003247332231868683 0.9998214891658027 35.41126606801782
0.9997099947702905 0.01579059896733129 -0.018181950957760196 -0.9564574668201324 -0.01586435093046851 0.9998664719892879 -0.003919255190705013 -0.7655549346732039 0.01811763577105236 0.004206563436798734 0.999827013086824 36.21307271320815
0.9997249636445279 0.015256081210566897 -0.017811486519537966 -0.9779090954087266 -0.015360488528889167 0.9998655461682683 -0.005739771579504024 -0.7821493001050256 0.01772152527558103 0.0060117860680145045 0.9998248876529228 37.007014594285764
0.9997203219790343 0.015415931147513169 -0.017933959099510666 -0.9959293134955999 -0.015556544096155752 0.999849127035002 -0.007727684202191509 -0.8028753669898239 0.017812123902337947 0.008004513364318505 0.9998093098225724 37.79659741435566
0.9997328716132315 0.01473758766658428 -0.017804182815374728 -1.0161788218886747 -0.01492443124550962 0.999834459250946 -0.01040747069974459 -0.8255982249686387 0.01764785448579178 0.010670407871197907 0.9997873251986701 38.57042765518476
0.9997430882800663 0.014170637439060968 -0.017690406179556042 -1.0307041749697936 -0.014414843171891067 0.9998014990780799 -0.013754080760042725 -0.8533943811161961 0.017491990525863556 0.014005551606225027 0.9997489058716941 39.32311247954811
0.999766708423966 0.012796140674735263 -0.01740079052607935 -1.0477448946492687 -0.01306214055206918 0.9997982375728138 -0.015259902702619786 -0.8800362969406206 0.017202011838683712 0.01548363426743811 0.9997321380542763 40.07889018110968
0.9997957126987453 0.011562094414216031 -0.016578626057542005 -1.0665701177214826 -0.011768248471944132 0.9998539655963892 -0.012391763759766576 -0.9107360357287418 0.016432930265225253 0.012584333670560069 0.9997857737280355 40.84218018525567
0.9998118908863538 0.010146430501664614 -0.016529754696310156 -1.0805520882636936 -0.010258492383455154 0.9999248750095369 -0.006708775684203302 -0.9269041715651551 0.01646044277241655 0.006877084065009301 0.9998408671076108 41.63577115244835
0.9998105014638445 0.009060769328111881 -0.017229730752127432 -1.0896714795127065 -0.009079092972116986 0.9999582984968645 -0.0009855648424448417 -0.9415488695975333 0.017220082270762445 0.0011418084067341585 0.9998510714302161 42.438263237807355
0.9998172072631066 0.007556336850949631 -0.017562853811072976 -1.099182285429982 -0.0075608968446844865 0.9999713973373219 -0.00019325151220891338 -0.9604429793469332 0.017560891193167897 0.0003260071132010116 0.999845742512246 43.228763608148846
0.9998333095313727 0.0039089016792608336 -0.017834619121125567 -1.1094157918693794 -0.003963308607809639 0.9999875969482706 -0.0030163114065088915 -0.9783971245843848 0.017822607452701436 0.0030864927156281047 0.9998364007307918 44.02349233549476
0.9998462589011238 0.0027692359285186765 -0.017314441769538995 -1.1278462312389776 -0.0028765325262127624 0.9999767965087106 -0.006175111723745147 -0.9991463600276365 0.017296939672793707 0.006223967910207697 0.9998310247743913 44.798086876281246
0.999837666400183 0.005118272460236008 -0.01727553572103808 -1.1496223830408374 -0.005293255978277031 0.999934998791268 -0.010098496593837875 -1.0231994803832396 0.017222725933330133 0.01018830110126782 0.9997997680696352 45.56985492464363
0.9998307848000625 0.005062071745202115 -0.017685508070971308 -1.1531930159554877 -0.005317794097012594 0.9998815613551864 -0.014442448817828711 -1.0440721379447038 0.017610304711271712 0.014534052826388337 0.9997392852521189 46.30306563572058
0.999822172276188 0.007938579057325765 -0.01710563613158179 -1.1643118829578964 -0.008200559509356815 0.9998493171449662 -0.01530012511314851 -1.0645377620430796 0.016981597352696037 0.015437680113769508 0.999736617006728 47.086459274985856
0.9997938530408055 0.011797221318593735 -0.016525041330403816 -1.175166476481614 -0.011990675937468281 0.9998601591697438 -0.011657006288777229 -1.0857084595715176 0.016385210171804596 0.011852749647825072 0.9997954976961104 47.86781809851198
0.9997759760301997 0.013193553968740994 -0.016550766946783296 -1.1927215738923833 -0.013350525668265948 0.9998665998264368 -0.009409889260819239 -1.1094992918948052 0.01642440918979888 0.009628742659025614 0.9998187466223932 48.65498014323741
0.9997789355587197 0.01215282414601623 -0.01715776437478721 -1.2028231696418545 -0.01229681459205851 0.9998898456617632 -0.008311732273337485 -1.1313540732411242 0.017054863351941636 0.008520880692218838 0.9998182465969885 49.41072392325152
0.9997967207159579 0.01080131331944754 -0.017024948639664483 -1.2222057669383912 -0.010931010940123704 0.9999118001720335 -0.007543532100389318 -1.1535683671612562 0.016941966988373112 0.007728098556421466 0.9998266080912569 50.15698888634685
0.999793383213318 0.010104264260100257 -0.017637877611020893 -1.2395739852738559 -0.010213497873551058 0.9999291487896991 -0.006114070812016583 -1.1717461987816105 0.017574849758856856 0.0062929519678274455 0.9998257465236055 50.90858132554213
0.9998059535458973 0.00833158668547118 -0.01785048787773935 -1.2560428188732609 -0.008398445287449728 0.999957983802798 -0.003673791746473621 -1.192097026409789 0.017819129353721846 0.0038229952060090337 0.9998339178767296 51.689923975594475
0.9998115190313157 0.0068469921416949 -0.01816714371871832 -1.271424922443431 -0.006890221784861 0.9999735754524369 -0.002318025156124339 -1.2090816326790161 0.018150792160138235 0.002442763901918324 0.999832276758697 52.48647725492961
0.9998124905053699 0.006508289547019978 -0.018238037082251992 -1.2956090242408131 -0.0065708055272322196 0.9999727335900127 -0.003369954189609066 -1.2309277080922096 0.018215607158830898 0.0034891608860692642 0.9998279939130267 53.275267490035425
0.9998022878318937 0.007086641312264454 -0.01857861030901879 -1.314568125300587 -0.007227532694795635 0.9999455491680774 -0.007527381357203118 -1.2482829504272868 0.018524254836533898 0.007660170615748434 0.9997990666973487 54.04070987977537
0.9997927471715944 0.007428899295545855 -0.018954528702266563 -1.3419085019570043 -0.007607325726831348 0.999927268844027 -0.009358718791040095 -1.2743278760417478 0.018883625138050676 0.009500972443938445 0.999776545146097 54.79112242747425
0.9997533403247644 0.009494597307628092 -0.02007762763457778 -1.347124724461373 -0.009651188090856922 0.9999236498294126 -0.007716805055305111 -1.2935333442438923 0.020002826747782886 0.007908674591397083 0.9997686431311528 55.549854573944366
0.9997333315477746 0.010694853468445323 -0.020466702266518495 -1.370282403338861 -0.010772520044719708 0.9999351725501434 -0.0036882935080394903 -1.306401691662132 0.020425929703788055 0.003907787916934988 0.9997837319087227 56.32876095467396
0.9997149448408436 0.011920897933269267 -0.020686257620075622 -1.3877733826989385 -0.0119134457982097 0.9999289155170382 0.00048344816975227255 -1.3266913117862325 0.020690550284437507 -0.0002368657514314941 0.9997858995922795 57.08797507724429
0.9996888822819936 0.013332191331699824 -0.02108059097994334 -1.4201423853714374 -0.01331160183062001 0.9999107731016221 0.0011167327429046272 -1.3440732053295361 0.021093598518790595 -0.0008357688740816502 0.9997771559662273 57.87133650157639
0.9996741830068423 0.01304125359751827 -0.021942049452999688 -1.4347894562884929 -0.013067050719681379 0.9999140891448995 -0.0010327221384395877 -1.3595431145474552 0.021926696401466963 0.0013191035331150136 0.9997587108651704 58.6527656725797
0.9996604027737968 0.013081511651232856 -0.02253781664311226 -1.4576087634633288 -0.013123131206225689 0.9999124433284973 -0.0016997365031448442 -1.3780542830280516 0.022513608184035666 0.0019949260022537304 0.9997445462300767 59.41411826574689
0.9996505251078762 0.01296566962023975 -0.02303734061985614 -1.4838794988820017 -0.013005627181440759 0.9999141662688596 -0.0015854830400089419 -1.3986627392004023 0.023014806389671422 0.0018845440168495074 0.9997333480387133 60.171629540085334
0.999637658096703 0.012542761317801838 -0.023816625568136376 -1.509633517914495 -0.012582300171982424 0.999919698073558 -0.0015110019417709471 -1.4147598417410319 0.023795760910517036 0.0018101223744347071 0.999715202054905 60.89835845292608
0.9996332231276791 0.011342111240055292 -0.024592188434026205 -1.5235986743395755 -0.011357607807965596 0.9999353799631271 -0.0004905536453271256 -1.4224000382593096 0.024585035371889823 0.0007696821529698412 0.999697446043125 61.660242488923345
0.9996109552374569 0.011583236581453181 -0.025372559972257607 -1.548202076793123 -0.011526704458703433 0.9999307490848351 0.0023732085799052006 -1.441501502128537 0.025398292335699152 -0.0020798232953746585 0.9996752478087527 62.39434661677707
0.9996053773386167 0.010179150874374062 -0.026181567622807767 -1.5683339637124354 -0.01009427901958179 0.9999433666703776 0.0033717922514970283 -1.4597507465587198 0.026214406855505114 -0.0031061776171092867 0.9996515175469028 63.10142028520056
0.9995340396190735 0.008574305504011713 -0.029294793528704673 -1.5844622652066402 -0.008451031848899499 0.9999549177423148 0.004329265948302613 -1.4821275190455825 0.02933059330212441 -0.004079677448773016 0.9995614400968357 63.80345815142536
0.9994394295592625 0.008423308161193856 -0.032401767264555646 -1.6184173807405604 -0.008311725300849978 0.9999590597288848 0.0035768825322946974 -1.4994488622890332 0.03243056991124655 -0.003305562848910514 0.9994685244616182 64.48887511248701
0.9993195035448742 0.008557020194420645 -0.035879064093243845 -1.6385754279047005 -0.008470458882224828 0.9999608381055964 0.002563899662570351 -1.5134956463932199 0.035899598342315035 -0.002258242800802612 0.9993528501877169 65.17656849000541
0.9992099539891797 0.008313582622381141 -0.03886324990155289 -1.6668990238869141 -0.008214858597598563 0.9999626142566111 0.00269929385347968 -1.5254475612695069 0.038884237772539264 -0.00237790518455276 0.9992408926879354 65.83972616491172
0.9990917696729068 0.0093495746901395 -0.041571880219230445 -1.7072545695057548 -0.009206914644829332 0.99995105649761 0.003621785752517777 -1.537206349162391 0.04160370770221797 -0.0032357475840540527 0.9991289513586326 66.4848077620933
0.9989668558849609 0.01023707201248775 -0.0442766665402419 -1.7357412613739784 -0.010045827612540175 0.9999392345592792 0.0045396626066216954 -1.5521703081104237 0.04432044890210389 -0.00409017672159269 0.9990089930843977 67.12194938961318
0.9988182061444195 0.011362351072332334 -0.04725556107531357 -1.7715541795940448 -0.011085496441982251 0.9999198461058968 0.006116627517981189 -1.563722992604176 0.047321272627314996 -0.005585547570997774 0.998864104278086 67.75119193021202
0.9986490552080806 0.013503397749030477 -0.050176914823735014 -1.8064206917663 -0.013182990854038274 0.9998905794201146 0.006711031146586602 -1.569932404245871 0.05026204615949821 -0.006040483104804092 0.9987177976183869 68.35710268775014
0.9984542869467665 0.0152645728056943 -0.05344183468662742 -1.8326402193199376 -0.014907839174523475 0.9998638942427728 0.00706748334443565 -1.5810267987834348 0.05354244305931557 -0.006259856766475492 0.9985459533664454 68.94246258232732
0.9982977177130462 0.01707894847372762 -0.055767161734697125 -1.8730050292433704 -0.016763878985755137 0.9998407910339998 0.0061126872859569 -1.5964738580040598 0.05586268137373503 -0.005167407815963307 0.9984250891910719 69.48749498840779
0.9981207853916283 0.018314586139307736 -0.05847626615759538 -1.9074654412504823 -0.018230330177190474 0.999831864950374 0.001974054580488291 -1.6048421210185746 0.05850258824034268 -0.0009043032686991489 0.9982868472562278 70.00550161778962
0.9979370789369754 0.02053226216585093 -0.06082772963935562 -1.9503829122643872 -0.02069077864281187 0.9997839678422482 -0.0019772012451331313 -1.6166451552976564 0.06077399247935238 0.0032316955243529926 0.9981463209280277 70.49619127939886
0.9977697555280542 0.022237557933335855 -0.06293652334405342 -1.9786859912104993 -0.022563714636856583 0.9997353860547431 -0.004476231870592603 -1.6322718786073545 0.06282032899676686 0.005886330532180726 0.9980074936480205 70.95981963615831
0.9976964288997078 0.02457225546796752 -0.06323005631798415 -2.012891339247255 -0.02498033539308403 0.9996718555293713 -0.005671340768429763 -1.6424087368114684 0.06306995009041969 0.007237784445484129 0.9979828635161592 71.40605519128152
0.9976812426536549 0.026958819382872132 -0.06249288051073291 -2.040509071437799 -0.02732943672130138 0.9996135567121762 -0.005083220015726483 -1.6577705956640025 0.062331692946236965 0.006779328485423435 0.9980324647824552 71.83811893556464
0.997760178246739 0.030877145162470775 -0.05933994111590291 -2.0675414035749973 -0.031152574521131526 0.9995077113394204 -0.003721837414279697 -1.6664262141737987 0.05919580902166186 0.005562093099571606 0.9982308947906906 72.25594485574216
0.9979595708141559 0.033555261416460216 -0.05432070923401681 -2.0890931449282677 -0.033729637136561415 0.9994283559968954 -0.002296259562357725 -1.6783028886117572 0.05421260553644534 0.004123792018794126 0.9985209000017656 72.65140607886953
0.9982776446445739 0.03481684173093191 -0.04721791751817738 -2.1055041071552547 -0.03486613167809608 0.9993919672861319 -0.00022042177736807724 -1.6897438336863841 0.047181533089510404 0.0018663482624952773 0.9988845877675192 73.03100824731295
0.998693441218897 0.03442237004892591 -0.03776917932072135 -2.1158085512901774 -0.03436278280950245 0.9994069464360262 0.0022258870150082253 -1.6976479025564717 0.037823400480835954 -0.0009251246568903178 0.9992840109400508 73.40536538059722
0.9991012051942798 0.0337830297389389 -0.02560251317710693 -2.1213283586800054 -0.0337092190096431 0.9994262042531501 0.0033092001902188693 -1.70659347394684 0.025699617372376842 -0.0024431851743908556 0.9996667247203526 73.76218612205874
0.9993851752523741 0.03295166655877918 -0.011977443665874587 -2.121020920190182 -0.032915310280552244 0.9994529573227745 0.0032200074368833108 -1.7142372958388745 0.012076996104403541 -0.0028237864219918985 0.9999230832395746 74.10571750995057
0.9994773115953436 0.032218041902412536 0.0026648418540870067 -2.106712976978962 -0.03222438372263895 0.9994778447437942 0.0023721214123144214 -1.727234795285241 -0.0025870252858452895 -0.0024567544184223105 0.9999936358086975 74.43385507562245
0.999344271711878 0.030446774715308544 0.019596441158529442 -2.0794771528339226 -0.030431631249897548 0.999536277323482 -0.001070576379263955 -1.7357967573651223 -0.019619949442219172 0.00047352270090253375 0.9998073981323283 74.75086145348158
0.9987351334638576 0.030252553295042638 0.0401611280226288 -2.0523638073162096 -0.030035610730488525 0.9995308547445175 -0.005994372505884915 -1.7421440651430238 -0.040323631693665936 0.004780526416913826 0.9991752355288889 75.06166849459085
0.9976396455972493 0.028230573751140308 0.06259530524140992 -2.000012893119695 -0.027599174943049535 0.9995593244974252 -0.01092896851089305 -1.7538965235568946 -0.06287625207538378 0.00917559349198134 0.997979150788744 75.35719742668167
0.9956594354652321 0.02543117604226879 0.08952956971945665 -1.9600404890876177 -0.024283700265146726 0.9996087069951445 -0.013882895984859622 -1.7653072984248777 -0.08984759579686459 0.011648527142974827 0.9958874039493232 75.64940830104308
0.9925064062398867 0.022356117452668543 0.12013008609509923 -1.923041231341848 -0.02070357014803088 0.9996733228208565 -0.014986988471054449 -1.777622653489647 -0.12042589321196373 0.012387560403407797 0.9926450284927397 75.92564014445082
0.9882277280062558 0.020242420130321803 0.15164498681740016 -1.851573862740935 -0.017787351962793838 0.9996881272382451 -0.0175287868673269 -1.7829028257542818 -0.15195251794469827 0.014625070466691821 0.988279585746923 76.202386923982
0.9824636927783624 0.018047522237086017 0.18557849906008259 -1.7695645764526482 -0.01472032413999732 0.9997055383098741 -0.01929115677651423 -1.7915935818651723 -0.18587201088250163 0.016221085465043694 0.9824400602361602 76.46317589766159
0.9748367375711363 0.014043359329216612 0.22247723285856066 -1.6768290108145045 -0.009893174631336559 0.999755843876406 -0.01975797891198449 -1.8049108444634978 -0.22270038207727855 0.017059797587393854 0.9747376586184153 76.71958919453155
0.9647325885120089 0.011349598134006506 0.2629871085910926 -1.5904541919242343 -0.006155859609957405 0.9997695747749769 -0.02056459935718816 -1.822814024597478 -0.26315990966590896 0.018220427449859033 0.9645801563209634 76.97867532926799
0.9529570990728495 0.012522381463948571 0.30284642525398586 -1.4808124765686916 -0.006091247977302343 0.9997356393517638 -0.022170884240290102 -1.829075199490659 -0.3030439968465406 0.01928318885424646 0.9527814516471678 77.21457614059337
0.9376081017361176 0.014985014542970666 0.3473708348407058 -1.374947504669311 -0.007479921122369187 0.9997089449982964 -0.02293634823579378 -1.8403745732187688 -0.3476134323336568 0.018906999485302396 0.9374472929352754 77.45460606561139
0.9197681554170863 0.014596538131848032 0.39219061864762106 -1.2503815019431348 -0.006689485238788352 0.9997460317178235 -0.02152028930338624 -1.8565342402740934 -0.3924051363933444 0.017170123442384326 0.9196322068050321 77.69449268925044
0.8996596912614866 0.013738182231855396 0.436375643532311 -1.1146186079104985 -0.005369236717021166 0.9997773604879759 -0.020405899949984065 -1.8678388847667087 -0.43655882904409576 0.016015361521249296 0.8995331550193082 77.92134329488898
0.8770130502433485 0.012618386928777627 0.4803008286627885 -0.9639107471635441 -0.0027312763973823075 0.9997698546768576 -0.02127857628348338 -1.8766354755207186 -0.4804587909822114 0.017349754774244122 0.8768456740938994 78.13110913016963
0.8528302747555223 0.012141415719079087 0.5220470366592884 -0.80066196433526 -0.0003836284941685097 0.9997439560031316 -0.022624660536288654 -1.8960405436680023 -0.522188065058546 0.019094723342855224 0.8526165704763607 78.32904465127585
0.8252492745084388 0.01452812440028611 0.5645817642509301 -0.639321240196069 0.00013089326156821046 0.9996641355399919 -0.025915226837331114 -1.9107722386691455 -0.5647686409409072 0.02146042209477434 0.8249702009729044 78.52549547655569
0.7928709109866694 0.01991693256174976 0.6090640642071138 -0.48593761382611816 -0.0012422177416655186 0.9995165021630847 -0.031067970624894987 -1.9195954294678843 -0.6093883617252973 0.023876299985498298 0.7925123007832497 78.72517371999685
0.7595319257479258 0.026142287044496386 0.6499444857814536 -0.3020428637517869 -0.005689326978813263 0.9994208321876581 -0.033550435881703165 -1.9421036500762734 -0.6504451439807718 0.021784880477224645 0.7592407613230638 78.90827122727187
0.721291162349131 0.030686027822061094 0.6919518963147155 -0.12220535940577565 -0.0079902477858289 0.9993202835682833 -0.03598787003035824 -1.9562510752618167 -0.692585890021846 0.020428865497237464 0.7210460778598984 79.0878715056279
0.6830135436248972 0.03049286984091874 0.7297689251494701 0.08214913874184812 -0.006801139477649834 0.9993503736894591 -0.03539173785700054 -1.9783603589428984 -0.7303740437110006 0.019209776042356838 0.6827772263173717 79.2315361143398
0.6425121012688969 0.027892787449396484 0.7657677142132052 0.3011892310750858 -0.0016634386500928055 0.9993856990964074 -0.035006533867791116 -1.9832674309825573 -0.7662737322229421 0.02121831402071982 0.6421638034452272 79.3738411755552
0.5985670506558712 0.02577235054518896 0.800658024262853 0.530270612200042 -0.0009301419029510379 0.9995040238763901 -0.03147762841987139 -1.9987076786652873 -0.8010721694736161 0.0180967456266231 0.5982941476335523 79.51030788061746
0.5522868881459246 0.02428847603312813 0.833300223877365 0.7739071560692234 0.00024288222479710358 0.9995707566295053 -0.02929579320205413 -2.0064004329609757 -0.8336540854516997 0.016382076275628373 0.5520439234214871 79.64117640507274
0.5043484442814633 0.02177224880310972 0.8632257039343247 1.0330669957442136 0.0022772611594738066 0.9996450646567179 -0.026543526311931735 -2.0144590525352863 -0.8634972268817508 0.015352976568595751 0.5041198520967111 79.76174769391005
0.45384296942877456 0.017672942243371976 0.8909064071003879 1.294980131218422 0.004135019147738945 0.9997507699538883 -0.021938541274426644 -2.0339878203771176 -0.891072085028319 0.013640567769124819 0.45365678017000893 79.86199592414751
0.4023026722571416 0.01731797711976359 0.915342912554213 1.5673012048892785 0.0012922918334695628 0.9998093331260497 -0.0194840287378029 -2.0536472006363686 -0.9155058109463733 0.009021366998270955 0.4022035865838417 79.95495325454661
0.3520889149726523 0.02249194710884862 0.9356962692394473 1.8514634880026544 -0.0024904234645311166 0.9997301946355855 -0.023094062545514025 -2.0656371842182426 -0.9359632437998541 0.005800883479372259 0.3520499339674897 80.03595852679234
0.3019336387553607 0.027784803673241182 0.9529239646859416 2.13938110172074 -0.0021715534320709538 0.9995926449546634 -0.028457485978672203 -2.07079020474889 -0.9533264719620644 0.0065229469853534516 0.30187098075003754 80.1050557654828
0.2551257819285531 0.029808740106669195 0.9664482781859485 2.4406065387863536 -0.000863492145622299 0.9995313008642764 -0.030601192360362895 -2.0868491316453524 -0.9669074877032741 0.006972632631519582 0.2550319443080196 80.166410986577
0.2145251478612665 0.029530218727582738 0.976271953462246 2.756769131850413 0.0074913040486890925 0.9994636975867345 -0.031877853909836516 -2.094782087224412 -0.9766897364561329 0.014152151361100629 0.21418887765965372 80.20773641675167
0.180040691441243 0.029150861770566118 0.9832271236511835 3.0683656928968963 0.015894444289470427 0.9993440696358992 -0.03253916293149218 -2.1059541884365673 -0.9835307397667276 0.02148622213387501 0.17945926053655437 80.22739127149131
0.1496178505078752 0.030323942119404354 0.9882787852340702 3.393933222736172 0.01950263226051815 0.9992446227367341 -0.03361296277669046 -2.122955530653578 -0.9885515394476468 0.0243031369591413 0.14891343589358227 80.25841719308708
0.12275592790181573 0.028967730905906194 0.9920140385756215 3.7350774522106485 0.017865921947915534 0.9993474414376995 -0.03139267629350542 -2.1345609486808073 -0.9922760659201217 0.021576882492158007 0.1221582872506203 80.28211711166915
0.09766414147963204 0.025495140422643166 0.994892814972479 4.106564503236787 0.012450835006992829 0.9995622791283955 -0.026837042520970834 -2.1435165222532087 -0.9951415437899636 0.015008263006527543 0.09730395605961956 80.32011350635501
0.0734117359680074 0.021635146860070616 0.9970670175281569 4.483963915577288 0.00692597069360136 0.9997294953249803 -0.022202862590390008 -2.155971569845133 -0.9972776684314713 0.00853560762917571 0.07324203335712495 80.35314389454794
0.05112622182000218 0.019026857603495567 0.9985109354093902 4.882051632163384 0.011335885901019974 0.9997430324443378 -0.019630760806317062 -2.1735912539334055 -0.9986278621855327 0.012322652666200381 0.050897397752905346 80.36317082082738
0.030702670943155763 0.019766141191734567 0.9993331004521626 5.28349981813545 0.019015232361076013 0.9996119545642282 -0.020355864769969624 -2.187451527427918 -0.9993476707008462 0.01962753052900795 0.03031489914419017 80.35891881259234
0.013377960265236346 0.02187531166792393 0.9996711964033774 5.694748407305108 0.023261572500295424 0.999483284595343 -0.022182494433977917 -2.2087130896664977 -0.999639899875926 0.02355068054071546 0.012862193518756901 80.34277092744259
-0.001359788092416665 0.02806417901024465 0.9996051984822866 6.147557498416326 0.024107810408570376 0.9993165210600085 -0.028023279854819838 -2.2130687127934205 -0.9997084397231248 0.02406018688617481 -0.0020354246127414406 80.35222219279241
-0.011676268325720052 0.03281085347077978 0.9993933723276797 6.57282660110023 0.020747525107181485 0.999254288705285 -0.032563886531206114 -2.2263858503777425 -0.9997165623114931 0.020354714407452297 -0.012348305206720213 80.33802494820767
-0.01765512224492199 0.03315295529014829 0.99929434012909 7.038882097030105 0.023237493703557592 0.9991937611477222 -0.03273906794398937 -2.2384816433777113 -0.9995740670630119 0.022643083690014103 -0.018411279589233328 80.3293709287485
-0.020136099770059375 0.02997257347517976 0.9993478785314512 7.5106812303256865 0.02928797378230872 0.9991392567025477 -0.02937618606291253 -2.2583776781035887 -0.9993681764383799 0.028677352652407288 -0.020996603703272648 80.31749764782401
-0.019866962889101582 0.028209589948340812 0.9994045841502313 7.994887094007264 0.03133819042498573 0.9991282831607213 -0.02757882537732319 -2.278156571836755 -0.9993113737001323 0.03077162366940721 -0.020733682024615483 80.30876619962883
-0.018067161237248015 0.027673387854869714 0.9994537314400544 8.490925390940731 0.029861181374264464 0.9991859089858274 -0.027126170594015654 -2.299876133671938 -0.999390758178079 0.029354776251845502 -0.01887881297760557 80.30658499571786
-0.016902439300668707 0.02794735358661369 0.9994664841670174 8.981352443183265 0.025721558314935392 0.9992906192922324 -0.02750744685343721 -2.323619790438337 -0.9995262422685726 0.025242892505568774 -0.017609298521338572 80.30524240976462
-0.015760157681670262 0.02957075267634273 0.9994384363311181 9.516775873917783 0.02522204514987438 0.9992562721540826 -0.029167636160317777 -2.3335286196719425 -0.9995576350907939 0.02474819482057537 -0.016494271272662623 80.3095076592122
-0.015271485754801232 0.030245933059322255 0.9994258177854917 10.041051353228735 0.024905574986094324 0.9992437646052599 -0.02985985988105863 -2.3545785644367974 -0.9995731559307938 0.02443527022308213 -0.016013229270574296 80.31545286032755
-0.014142591430510934 0.030098491526108325 0.9994468809874139 10.573744656364923 0.024984057702496926 0.9992454129576109 -0.029738889419202174 -2.3721308324444763 -0.99958780703265 0.024549653582518604 -0.014883902063315847 80.31067067032161
