1.0 0.0 0.0 0.0 0.0 1.0 0.0 0.0 0.0 0.0 1.0 0.0
0.9999979794292211 0.0009816248121892735 0.0017542947879375676 -0.005304515649479374 -0.000979210749851778 0.9999985733108381 -0.0013764165779305178 -0.011748351370002193 -0.001755643409769021 0.0013746959724686356 0.9999975139605104 0.8607401962461768
0.9999948201599622 0.001186509011894231 0.002991964172460102 -0.0013367577657269585 -0.0011842205184549928 0.9999990050219972 -0.0007665355697975542 -0.030619001945334432 -0.002992870696883075 0.0007629884539023984 0.9999952302754304 1.7251687459062004
0.9999878304953213 0.0008217753732641896 0.004864519143361301 -0.01657187092041361 -0.0008184964841893813 0.9999994365475131 -0.0006759942027501643 -0.04816653399110597 -0.00486507191782419 0.000672004384419416 0.9999879396699453 2.578732634252144
0.9999831181009228 7.888282392329222e-05 0.005810102465184497 -0.02390310378418113 -7.402386666493772e-05 0.9999996473899585 -0.0008365048870878414 -0.06607619589037408 -0.005810166402351753 0.0008360606790465463 0.9999827713360457 3.4382735649273677
0.999980448363157 -0.00012144853117184963 0.006252050997389645 -0.02024240655533189 0.000123934635964987 0.999999913412193 -0.0003972603843303814 -0.08455867735032123 -0.006252002209348059 0.0003980274629039988 0.9999803768287223 4.290865839842303
0.9999761420619662 2.8069946251930153e-05 0.006907569684388762 -0.019110868939848685 -2.0445851523949393e-05 0.9999993906051763 -0.0011037985521176671 -0.10568756029143447 -0.006907596458517562 0.0011036309866160414 0.9999755332555952 5.145561608798822
0.9999722668287939 -0.0005134798862279835 0.00742979889966243 -0.018872512231471596 0.0005214313518020325 0.9999992934056896 -0.0010683152474221561 -0.12796922757874818 -0.007429245091417105 0.0010721597497363223 0.9999718279985907 5.988033521932874
0.9999707875065674 -0.0009336518192139095 0.007586331641524152 -0.005943945256174388 0.0009299266397843431 0.9999994453277792 0.000494550886142545 -0.14103814257439498 -0.0075867891719312835 -0.0004874817071863852 0.9999711010782492 6.855610586488874
0.9999716939488922 -0.0011748603595466234 0.007431756462477531 -0.01394575714480124 0.0011675334938406046 0.9999988282357513 0.0009901477998770112 -0.15101271902295668 -0.007432911039611182 -0.0009814429481148105 0.9999718939066323 7.726906735723369
0.9999838648385834 -0.0027086209043390218 0.004993339091733727 -0.012702905986518026 0.0027068169202700528 0.9999962688518287 0.00036800079030493234 -0.16879058153710563 -0.004994317235479163 -0.0003544787978106562 0.99998746549151 8.596756995887677
0.9999937589734006 -0.0027171576718904296 0.0022581116964005337 -0.013431391079858692 0.00271712642850118 0.9999963084623038 1.690375129883129e-05 -0.18683333994399529 -0.002258149290653634 -1.0768070833299196e-05 0.9999974503196646 9.44551602446564
0.9999963391917148 -0.002353310278087659 0.0013354901355866438 -0.022467489495709453 0.0023535497905613468 0.999997214591211 -0.00017780102065461542 -0.20003652111030293 -0.001335067994731346 0.00018094351228804391 0.9999990924260357 10.302937621540053
0.999999566565406 -0.0009297991749069301 -4.839929904383947e-05 -0.016225143389972368 0.0009297949682536479 0.9999995639677413 -8.686567222569852e-05 -0.21315867987864756 4.848004557053755e-05 8.682063315036142e-05 0.9999999950559317 11.161301877575836
0.9999984938879909 -0.0017103229295043155 -0.0002949868171907984 -0.032933381528319775 0.0017102386281971518 0.999998496701169 -0.00028579579994614755 -0.2280877474335685 0.0002954751768472206 0.000285290871656089 0.999999915651766 11.986003378927492
0.9999968807678069 -0.0021601229109665322 -0.0012539233077298526 -0.02678247343177717 0.0021603368761379006 0.9999976521370709 0.00016930720439429283 -0.238903005103713 0.0012535546393185458 -0.00017201557304725914 0.9999991995053842 12.83079746932968
0.9999979016215322 -0.001984250876102497 -0.0005094123958294328 -0.04033177435939332 0.0019842097487863695 0.9999980281549387 -8.122751974133718e-05 -0.24804610817217865 0.0005095725671242783 8.021656825339438e-05 0.9999998669505418 13.7047398725218
0.9999987584880407 -0.001251183422629277 -0.0009578947834952 -0.05097959021409025 0.0012502955221157862 0.9999987887455084 -0.0009269674348730585 -0.2634742260086797 0.0009590534295286114 0.0009257686324735349 0.9999991115840847 14.567924394869618
0.999995764980386 -0.0021657240518178976 -0.0019441349284861566 -0.05160427823496517 0.0021625428916552726 0.9999963219777908 -0.0016368992437752008 -0.28346420563469926 0.0019476728499772929 0.0016326880363048575 0.999996770444908 15.427730685961684
0.9999910910037539 -0.0009808938793870665 -0.004105576733597594 -0.026120866381621873 0.0009768341081388078 0.9999990321225751 -0.0009907315682368125 -0.294093309711322 0.004106544562433884 0.000986712274426107 0.9999910813055508 16.34395838388469
0.9999826414843749 -0.001500970846037455 -0.005697702734237226 -0.030073164083022033 0.001497067669174635 0.9999986418624781 -0.0006892471220255183 -0.31497884500829315 0.005698729535809161 0.0006807053111666732 0.999983530425355 17.203723384164107
0.999979781067821 -0.0018448578635817513 -0.006085552975045537 -0.051950625363468395 0.001835586531691728 0.9999971467956655 -0.0015287323555493962 -0.3329023420637356 0.006088355905626787 0.0015175308871347845 0.9999803143174234 18.06026897625677
0.9999723174352964 -0.001476841954659722 -0.007292688181993963 -0.060444432897969316 0.0014699919495148664 0.9999984734558066 -0.0009445685399653747 -0.34767730347090675 0.007294072027831963 0.0009338221989678918 0.9999729618791465 18.909461342601386
0.9999704183457201 -0.002549537458095907 -0.007256878959405873 -0.07857125415629637 0.0025541653887217507 0.9999965405861986 0.0006285338529161243 -0.36288755698596414 0.007255251384256885 -0.0006470505289131494 0.9999734709745872 19.77480587386188
0.9999614427971197 -0.0022877302759149246 -0.008478160725276235 -0.08403511624059264 0.0022929964105845545 0.9999971841302444 0.0006114728488367814 -0.3750572236707026 0.008476737966930629 -0.0006308896642654405 0.999963872793248 20.63701115731319
0.9999501849162052 -0.0033017310424887335 -0.00941946167070475 -0.09652551525630872 0.00329887768683663 0.9999945079851292 -0.0003184424407090094 -0.3922435715501617 0.009420461350172852 0.00028735292554471145 0.9999555851817846 21.508728791945284
0.9999383088879326 -0.0038474610370163396 -0.010419954985810644 -0.10905864642252332 0.0038331609413880608 0.9999916845724315 -0.001391999708803099 -0.4095110096055077 0.01042522400407278 0.001351972470330515 0.9999447419107236 22.362884866563448
0.9999248744175019 -0.0033258262223869726 -0.011797643878236027 -0.11950849078553373 0.003306960466984753 0.999993222600953 -0.001618259754189653 -0.4215908712905619 0.011802945971620701 0.0015791238395741747 0.9999290959034494 23.218827098651587
0.9999104529409082 -0.004043393761170849 -0.012756843904222156 -0.12425246177071475 0.00402618183177102 0.9999909500927606 -0.001374624471020502 -0.4357573261097561 0.012762286603978167 0.0013231400042839248 0.999917683282562 24.074892720807252
0.9999050580834379 -0.004895269930572608 -0.01288065027319414 -0.15028561809865915 0.004878657952123625 0.9999872270229571 -0.001320790492252319 -0.45324555413186446 0.012886951374925341 0.001257824806988347 0.9999161686666609 24.95939838642514
0.9998942783797891 -0.005078569529107495 -0.013624984216353093 -0.16368534580542904 0.005060582122231467 0.9999862780545676 -0.0013543305203638578 -0.47184371143703663 0.013631675316776372 0.0012852369868065652 0.9999062584032287 25.8221766581353
0.9998828240328844 -0.005466014985564032 -0.01429898192875304 -0.18221599928686982 0.005452211683692856 0.9999846324278626 -0.0010041393674917974 -0.5017900777959328 0.014304250828947259 0.0009260606301540214 0.9998972601322251 26.660850308231677
0.9998717336916838 -0.007235954789150621 -0.014288356192138918 -0.19732431009965032 0.007240699157877677 0.9999737464979256 0.00028034016478138864 -0.5329951579967604 0.014285952543992246 -0.00038376189523066953 0.9998978769287978 27.499744862997353
0.9998748922180726 -0.00683575858085146 -0.014264372279185438 -0.20308569077305752 0.006856158365011281 0.9999755416867716 0.0013817093477299972 -0.5441487297484091 0.014254578365170498 -0.0014793352804614466 0.9998973040081457 28.357635054836038
0.9998839140132983 -0.006397845607749354 -0.013828451432579953 -0.22454100821656175 0.006428724223795378 0.9999769381382094 0.0021896795624201087 -0.5594939785999964 0.013814123290973679 -0.002278324672009407 0.9999019848137063 29.204418402394502
0.9998893556397571 -0.005221350951034686 -0.013928889853627629 -0.23735412144181114 0.0052495986332549175 0.9999842362999705 0.0019922012333916713 -0.5743025278286163 0.013918268300981881 -0.002065101888698737 0.9999010036807093 30.042263771276755
0.9999060423835576 -0.0037174108246761013 -0.01319421318644395 -0.25778264149702923 0.003738291941120468 0.9999917984246657 0.001558286483362011 -0.583159200547167 0.013188312182069624 -0.0016074638913022646 0.9999117383457526 30.891250702471012
0.9999202313132758 -0.0007019898910703718 -0.012611035667043136 -0.2759553009140424 0.000739279023493174 0.9999953682513308 0.0029524468511488004 -0.5928724222543901 0.012608904668052335 -0.0029615344124736924 0.9999161189004776 31.72103526538521
0.9999400154585941 1.4075558342082827e-05 -0.010952866590202769 -0.2847355382809751 5.088068368613973e-05 0.9999824147779571 0.005930223098690292 -0.5974351102042228 0.010952757452813282 -0.005930424666317432 0.9999224305752199 32.56265756840667
0.9999558848724833 0.0005421836304629334 -0.009377331485967791 -0.2972053482480519 -0.00046099378527363245 0.9999624117541221 0.00865809237695461 -0.6051723241990768 0.009381673284484342 -0.008653387532567596 0.999918548228101 33.388453763045646
0.9999656026882898 0.0010965263645280508 -0.008221378848758924 -0.2974886798763494 -0.0009959177123271378 0.9999246956383394 0.012231565741263288 -0.6143476902634465 0.008234171977387806 -0.01222295719146829 0.9998913929669269 34.2327129447726
0.9999767626839823 0.0005407095772609504 -0.00679571373831235 -0.3045520005289821 -0.0004459660234402503 0.9999027973891862 0.01393545433720017 -0.6254727725488698 0.006802588210818554 -0.013932099857211307 0.999879803469998 35.07610089772312
0.9999878288418295 -0.0021774710189242054 -0.004427277737288419 -0.3208120132311965 0.00223124399205995 0.9999233634177795 0.012177390587519045 -0.6300046668748145 0.004400422530763923 -0.012187120711424373 0.9999160516614959 35.916136614271295
0.99999393160606 -0.00029575309998848987 -0.0034712074492298122 -0.3240379732132811 0.00033125041284921386 0.9999476163032952 0.010230098851902143 -0.6289163537877657 0.0034680000311032243 -0.010231186610532671 0.9999416461955789 36.75904617528945
0.9999973884733938 0.000934237797926446 -0.002085724364853579 -0.33294239604522075 -0.0009146485692303486 0.9999556510584794 0.009373331009052232 -0.6316510552020829 0.0020943887853070815 -0.00937139882554257 0.9999538941469592 37.617640958830805
0.999998333072134 0.0011476903448769053 -0.0014200914838438281 -0.3415418373546875 -0.0011347772039409373 0.9999583061210929 0.009060811229117166 -0.641586856443331 0.0014304312802861207 -0.009059184637954859 0.9999579416355707 38.47454187195308
0.9999981091829646 0.0004242432124093341 -0.0018978008823359268 -0.3528649482880834 -0.0004089571834252341 0.9999675327049771 0.008047750613695517 -0.6515321530858633 0.0019011534694480818 -0.00804695927756782 0.9999658154466433 39.34205046729517
0.9999930107778248 0.0008287542105381069 -0.0036457594484627137 -0.3608934527098853 -0.000800093539105569 0.9999688224960176 0.007855818624112092 -0.6508953229706487 0.003652156325545214 -0.007852846769470317 0.9999624965726408 40.21464362814194
0.9999916767727257 0.0009362764030534241 -0.003971117193544135 -0.3825098920352635 -0.0008994725347485878 0.999956724720932 0.009259569889844752 -0.6606285473768129 0.003979614859130048 -0.009255920909491863 0.9999492440087597 41.05704111646098
0.9999869648265252 0.0007683919065014682 -0.005047747112056804 -0.38659850685827735 -0.0007217319499645405 0.9999570586424114 0.00923904617420179 -0.6693244094160505 0.005054629563247494 -0.009235282621265677 0.9999445786016763 41.91345714429789
0.9999812929648467 0.0013905515703299682 -0.005956516320717831 -0.4003051728106729 -0.0013339318732047399 0.9999539941862067 0.00949895451134664 -0.6835995977330886 0.00596945107244977 -0.009490831227096827 0.9999371429127495 42.76912958206054
0.9999806540640284 0.0015322642362523083 -0.006028570641819516 -0.4189089187436537 -0.0014762645974538686 0.9999558264714541 0.009282550760911059 -0.6944022158344262 0.006042527659134715 -0.009273471415866243 0.9999387434175094 43.65767913709822
0.9999786708067487 0.00011238971028143134 -0.006530336906822009 -0.4288064616467074 -5.41742488773192e-05 0.9999602670513044 0.008914111499989798 -0.7039626241669138 0.00653107929169003 -0.008913567593085734 0.9999389447941553 44.53961293927797
0.9999795367501207 -0.0007186559668863165 -0.0063568557172919826 -0.44024301403647614 0.0007684267088957867 0.9999690460341819 0.007830484907133364 -0.7111296989947544 0.006351031522695672 -0.007835209447681424 0.9999491356521634 45.409948836050596
0.9999769096513188 -0.0007738405599543183 -0.006751395039596125 -0.448883242512002 0.0008375493686901591 0.999955103971293 0.009438673254995174 -0.7220116517902502 0.00674378790057413 -0.009444109939391392 0.9999326627889522 46.276169253185806
0.9999642268890832 -0.0013913049017727163 -0.008343213576506327 -0.44723617851384495 0.0014841707777076196 0.9999369040034263 0.011134866372978482 -0.7300713164676235 0.008327195158966174 -0.011146850797950683 0.9999031980837304 47.12950565020266
0.999957639747653 -0.001140969884905656 -0.009133285171270931 -0.44856360188806377 0.0012279132033427942 0.9999539350780948 0.009519451191991189 -0.7425445379942127 0.009122003040072275 -0.009530262827087762 0.9999129777890586 47.99204907241266
0.9999539524462345 0.0008076734209318089 -0.00956246049892061 -0.45162057888064006 -0.0007327972613579239 0.9999690676873437 0.007831135082262745 -0.7453252245355467 0.009568489709564757 -0.007823767132783117 0.9999236134188095 48.856612613772356
0.9999561010393574 0.00315600832564374 -0.008822448957578777 -0.47434278780295186 -0.003085392387169123 0.9999631890475692 0.00800630399319173 -0.7556516649229315 0.008847392156890392 -0.007978731807917501 0.999929029226954 49.70720060610758
0.9999468335484211 0.004922985312203298 -0.009060590052364516 -0.48688404531343116 -0.00485173918764355 0.9999572723429607 0.007868552298820913 -0.7606913251169222 0.00909893968197597 -0.007824174335995448 0.999927993203822 50.56630448418939
0.9999189296471884 0.006472593287752754 -0.010965385052393807 -0.4797898339661626 -0.006383304244563247 0.9999463460775284 0.008158332741419066 -0.7659466503642957 0.011017602286216087 -0.008087675953556707 0.9999065966066688 51.395600791316376
0.9999122937183268 0.007240516529847234 -0.011089625391840292 -0.4824042250824822 -0.007135699674812832 0.9999297701532753 0.009462375566728477 -0.778519044908441 0.011157359055851695 -0.00938241342064898 0.9998937361826511 52.25952743605723
0.9999117492234251 0.009472398407602507 -0.009314903829528572 -0.4967705593469071 -0.009375539839200156 0.9999020947488282 0.01038750064386083 -0.7874609657542674 0.009412386396087748 -0.010299251686909889 0.9999026614611138 53.10538125761878
0.9999472846713907 0.0077689401428332125 -0.006713527192518441 -0.5050456690518271 -0.007713466681077549 0.9999362204135321 0.008249699197979986 -0.7954232972160883 0.006777190425796202 -0.008197479744063456 0.9999434339080268 53.946015124436606
0.9999800511249047 0.004644224746298701 -0.004281183099748392 -0.5099873180689004 -0.004631281032446344 0.9999846899932356 0.0030283683936454192 -0.8073575311670328 0.00429518197824119 -0.0030084806190159067 0.9999862501335388 54.76538192903594
0.9999777952139595 0.00613719659884306 -0.0025969014093924336 -0.5113079127406627 -0.006130609565158327 0.9999779896387215 0.0025369005611937797 -0.8165333276219855 0.002612413708150311 -0.002520923641239025 0.9999934100975917 55.59133352099157
0.9999818282467686 0.005955285837218817 0.0009368814447202919 -0.5198707975815101 -0.00596065489125718 0.9999652032306038 0.005836344852846647 -0.8252628784644345 -0.0009020917424291038 -0.005841823223193832 0.9999825295133488 56.41971570939824
0.9999643138723042 0.007119496953336526 0.004547938545895216 -0.520093698645311 -0.007151645511650416 0.999949276703878 0.007092107293598114 -0.8353232580092853 -0.004497215623191791 -0.007124379448040242 0.9999645085047355 57.26789528049369
0.9999325988389854 0.006805664328513917 0.009406418667811159 -0.5254597316872536 -0.006856298088049316 0.9999621237989457 0.005361170024038112 -0.846734621328185 -0.009369576064814518 -0.005425301885281161 0.9999413868541585 58.08522060510281
0.9999054257946343 0.005316768133116416 0.012683510675814606 -0.5177945218633693 -0.0053459540486567305 0.9999831376580316 0.0022682977988560307 -0.8595652367296509 -0.012671236788666584 -0.0023358887416422788 0.9999169882455398 58.91379924981016
0.9998491087035162 0.004131204373487114 0.016872847276113018 -0.5163686472902868 -0.004107548132419034 0.9999905322918738 -0.0014364452481681763 -0.8709660025545426 -0.01687862177781102 0.0013669224687652168 0.9998566115447978 59.75460393743271
0.9998035376834671 0.003305512367116349 0.019543787340460812 -0.49759812781359036 -0.003261425323669178 0.9999920657604219 -0.002287251857310601 -0.8892116067466644 -0.019551192814670614 0.002223061895560103 0.9998063856844136 60.56345414502997
0.99972274168443 0.002890276594510206 0.023368484336143445 -0.4811753352168374 -0.002876413610733432 0.9999956666576895 -0.0006268257966273529 -0.9058945284212262 -0.023370194772430162 0.0005594345775565575 0.9997267231745134 61.417164283824725
0.999634155380298 0.003958340208152625 0.026756063610129704 -0.46247068948183756 -0.003953131906822004 0.9999921557026147 -0.00024755072601234966 -0.9229003199057565 -0.02675683361760204 0.00014168991215344885 0.9996419617936849 62.24283600222867
0.9995314904900358 0.0034043607260891688 0.030417262316134702 -0.43958470875878086 -0.0033230182697497673 0.999990767634899 -0.0027243704853453575 -0.9381933418913525 -0.03042625623274708 0.0026220169734724893 0.9995335752032788 63.06792161095965
0.999443382856263 0.0030037060640439816 0.033225023923313 -0.41529440896171727 -0.002832601028750202 0.9999824900925798 -0.005195755926945804 -0.9563914350840104 -0.03324004867980498 0.005098750643177245 0.999434390996048 63.875924979005894
0.9993411533983869 0.002776638094922719 0.0361876968770628 -0.3858435829441044 -0.0025859882716402433 0.9999825363412356 -0.0053141017307622536 -0.9756549125608374 -0.03620182024477886 0.005217019593195041 0.9993308815990465 64.69731232113422
0.9992422924862354 0.0005333664241251486 0.038917302413006796 -0.35707307965416646 -0.00037199313660461313 0.9999913041915905 -0.004153692610723107 -0.9963025950800029 -0.03891917943577576 0.004136068357229757 0.9992338016753578 65.50728849277355
0.9991411898402872 0.00022983852414825402 0.041434646598988975 -0.3197849527967686 -0.0001138057924724517 0.9999960659066701 -0.0028027164359308416 -1.011449859170092 -0.041435127763431286 0.0027955939317893218 0.9991372852825555 66.33650955651845
0.9990194943005068 -0.00020679368381473773 0.04427196905409754 -0.2947682276605677 0.00024401143682978177 0.9999996214000333 -0.0008352593637098414 -1.030143500095575 -0.04427177956637069 0.0008452432539238124 0.9990191665317872 67.15571054730474
0.9989086737754277 -0.002005177036570878 0.04666305520712609 -0.25061912935035935 0.0020002034657381545 0.9999979878439785 0.0001532778033769847 -1.0458242078757976 -0.04666326866291007 -5.977492254287239e-05 0.9989106745773869 67.99402377346694
0.9988004179779884 -0.0029521311618227308 0.04887749961479565 -0.21386411656383236 0.0030769667702526624 0.9999921933736347 -0.0024790052999648536 -1.0612137739694127 -0.048869799697622084 0.0026264259719027314 0.998801704325802 68.82248541338122
0.9986371034056283 -0.004162449463097789 0.05202508737214129 -0.17619464053045572 0.004502274536179266 0.9999692788202956 -0.006416458494696861 -1.074744815117131 -0.05199678091586671 0.006641944751385046 0.9986251645859446 69.65703649257587
0.9985242684109434 -0.0037822247658334425 0.05417545726807625 -0.13629294771331024 0.004301470116679345 0.9999458961722459 -0.009471118366644667 -1.09488282099782 -0.05413670427002123 0.009690175648583895 0.998486513552726 70.45587311081268
0.9984274903116901 -0.0036366236910006905 0.055940339273412715 -0.0990492703410977 0.0042294010399920035 0.9999361193334906 -0.01048186143383721 -1.1124668082515574 -0.05589864718163907 0.010701972734281957 0.9983790908381722 71.28811515521875
0.9984128143971306 -0.0036680217501682956 0.056199623344251416 -0.0589709628128427 0.0042460972861321855 0.9999392674439517 -0.010170156414020356 -1.1291886513181302 -0.056158905842547575 0.010392643556345246 0.9983677530121237 72.11016928289563
0.9983909388261478 -0.0035095432759191386 0.05659696436940881 -0.035685248580874046 0.003986550442010991 0.99995746290003 -0.00831743987679464 -1.1495908796734522 -0.05656536648348502 0.008529683260546855 0.9983624611422754 72.9258203456511
0.9984500244457588 -0.004202807338880751 0.05549671246777058 0.022037777837896642 0.004626414935007675 0.9999611217094305 -0.007506753923149551 -1.1576173681808475 -0.055463005409978255 0.007751869457482157 0.9984306503462343 73.80828532918464
0.9985498572613712 -0.0040868998983949285 0.05367941702840014 0.05414690101303003 0.00443395134116833 0.9999700225553052 -0.006347760726786834 -1.1826924869967577 -0.05365186519397556 0.006576567490789105 0.9985380444035392 74.62097873550957
0.9986687550644269 -0.003693782243607801 0.0514497194433395 0.0831878097811968 0.0039961813667785465 0.9999753342390678 -0.005775936975571936 -1.2032696635519171 -0.051427115343419094 0.005973850198891011 0.9986588831634422 75.43794860853204
0.9988199162796282 -0.003318030233037271 0.04845374617635999 0.10969395337066183 0.0036207842237550238 0.9999744602858901 -0.006161874515513216 -1.2208292530241251 -0.04843206339560041 0.006330043547448223 0.9988064205760443 76.25662383823374
0.9990320645007841 -0.001920993882665518 0.04394591996758851 0.14835637817387778 0.0022032912230373417 0.9999772444686611 -0.006376209896752801 -1.242980028145896 -0.043932671294623145 0.006466863796596694 0.9990135635042965 77.07481969188586
0.9991586870364381 -0.0015783923073197695 0.04098081011080535 0.1545745770424266 0.0018372255450090002 0.9999785987181906 -0.00627906903119255 -1.2602849178248519 -0.04097002223468332 0.0063490773602087715 0.9991402036224756 77.88581672872125
0.9993019024592149 -0.0010790714193887037 0.037343585075057355 0.16809660241599164 0.0012730234226058482 0.9999858234562425 -0.005170328606946994 -1.2849855596582493 -0.037337476518260755 0.0052142584717465405 0.9992891094952635 78.70994970358957
0.9994780060974222 -0.0006445563747889765 0.0323001528571248 0.1961719057980516 0.0007761232280733495 0.9999914533833055 -0.004060885750250789 -1.3068531379691561 -0.03229725933030143 0.004083834891553319 0.9994699641971881 79.5503486067996
0.9996174707543897 -0.00023344303446196131 0.02765606022084218 0.21408526252572177 0.0003339666192690119 0.9999933549885525 -0.0036302128082802278 -1.3225800879939429 -0.02765502899811157 0.0036380603466480187 0.9996109062470391 80.40375208163836
0.9997407636602478 0.00032100592926868486 0.022766256416224862 0.22278971197583874 -0.00023413060432966943 0.9999926819726224 -0.00381853166278138 -1.3280358194663315 -0.022767315583441815 0.003812211483237313 0.9997335226872859 81.29448649999695
0.9998380624774202 0.0013850909718479921 0.01794241746223328 0.21979444582866972 -0.0013171328302745867 0.9999919169835971 -0.0037988325280019037 -1.3476996762218771 -0.017947534162016547 0.0037745848073800978 0.9998318051187581 82.134380988199
0.9999235958310457 0.0018512480050760427 0.012221922153519315 0.23901503212174988 -0.0018016343385445454 0.9999900979659435 -0.004069162539184729 -1.3668752862554556 -0.012229334160662712 0.004046832203568251 0.9999170298255261 83.01349383689708
0.9999598546821591 0.003573278111636697 0.008217098488149291 0.23146367171980092 -0.003533532903208995 0.999982013441034 -0.004846332596386945 -1.3775796458135143 -0.00823426798501094 0.004817102650948176 0.9999544951410541 83.8912248817818
0.999974638191218 0.005608401211224191 0.004389625290210252 0.22914134932864189 -0.005586141015096054 0.9999715597096781 -0.005067030723216933 -1.3931478940945488 -0.004417918389237732 0.005042381148278549 0.9999775279422335 84.75716873592567
0.9999686284261974 0.007573038470240164 0.002321906920835981 0.22377957427223266 -0.007560896353262761 0.9999579251646192 -0.005194299452499406 -1.406109269245889 -0.002361145856563987 0.005176580801580871 0.9999838138697283 85.64012694193114
0.9999606391206567 0.008748534446558875 0.001477617824970312 0.22074910721118166 -0.008739868690519395 0.9999451437753574 -0.005772706068202546 -1.4181182261872542 -0.0015280394863222387 0.005759564663650957 0.9999822460975056 86.52761005672279
0.9999375981553997 0.011151029700885969 0.0006740414030906986 0.21053748741454345 -0.011146951831427736 0.9999211778384174 -0.005777852117936887 -1.4336763666876298 -0.0007384172742644441 0.005769978062254724 0.9999830809034166 87.38524916527642
0.9999203201925727 0.012593222441980073 0.0008740792312152336 0.18780906862072327 -0.012588957929276152 0.999909596987148 -0.004723980445635612 -1.4566456601031945 -0.000933490348382413 0.004712600293115251 0.9999884599305361 88.23072043627796
0.999919936073348 0.01265387234863132 3.094590016952448e-05 0.18430406933220703 -0.01265359455506572 0.9999092775168442 -0.004617713782291739 -1.473373101810662 -8.937505342394552e-05 0.00461695249312075 0.9999893378240464 89.09309137158941
0.9998671995787302 0.016241450370400166 -0.0013410803280806726 0.17696319270628774 -0.01624489786040069 0.999864659626391 -0.002601100479110884 -1.4909376460198713 0.001298653181428444 0.002622540764824188 0.9999957178807568 89.96412828429689
0.9998584192621741 0.016631620399369416 -0.002555510405088924 0.18038570509974097 -0.01662933289080393 0.9998613055239122 0.000913785325075688 -1.513972671533837 0.0025703537005657105 -0.0008711595174425697 0.9999963171746925 90.81194815866377
0.9998699444333188 0.01585016287684251 -0.0029776762218434835 0.17307801007425627 -0.015849644268391767 0.9998743669569826 0.00019768392450545807 -1.519895224573039 0.0029804354497205434 -0.0001504631057475262 0.9999955471727776 91.72089587738225
0.9998662287190367 0.015936294455742413 -0.003682280025123254 0.16914888926721627 -0.01594171583067229 0.9998718747871734 -0.0014476553294238798 -1.535836721824462 0.0036587379706116046 0.0015061635364859989 0.9999921725232966 92.59942867322616
0.9999055858149768 0.013343122494030262 -0.0032833729776350043 0.1513323581496694 -0.01334375193093278 0.9999109537493694 -0.00016987179771519142 -1.5530564405914238 0.0032808139853771176 0.00021366827391858676 0.9999945952881253 93.49081884373057
0.9999255532761177 0.011610807575980433 -0.003751939881720134 0.13606990829590257 -0.011605203013711768 0.9999315140445696 0.0015121122779453062 -1.5672615836777182 0.0037692397712255 -0.0014684576821170363 0.99999181819832 94.38366325153142
0.9999595504539666 0.008145359903356738 -0.003814520669554549 0.13631032085361725 -0.008131198084689747 0.9999600459121198 0.0037135154684585004 -1.5829492261760894 0.003844616183858153 -0.0036823486352809084 0.9999858295170618 95.24010982972983
0.9999705211503847 0.005764472173106916 -0.005072247114103558 0.14424899866357083 -0.005738937082783854 0.9999708587258339 0.005034510927003339 -1.5984571621496986 0.0051011206005040196 -0.005005253208356158 0.9999744626783917 96.14047010577136
0.9999866687402679 0.001764224476599204 -0.004852819152881016 0.14393725747607763 -0.0017485836236046381 0.9999932695977858 0.003225401438145034 -1.6099110283830909 0.004858476823620061 -0.0032168728793804786 0.999983023321812 97.00016850928996
0.9999874680877446 -0.0011581725151470475 -0.004870554781493667 0.14629700923134034 0.0011673092062047692 0.9999975637291033 0.0018734794023393413 -1.617815678314322 0.004868373103151105 -0.001879141367494406 0.9999863837928239 97.89390089728998
0.9999818787695508 -0.003399887315165681 -0.004968188679612441 0.13844241020865475 0.0034080755054112953 0.9999928467201533 0.0016405882690524217 -1.6351324587163754 0.0049625753255229405 -0.0016574905017183643 0.9999863126920162 98.7834196232308
0.9999798918989654 -0.004387276601433931 -0.004579039391461304 0.13480547048452077 0.004394549034515376 0.999989096737839 0.0015793493024699188 -1.6431437995619242 0.004572060422753746 -0.0015994403578895669 0.9999882689582072 99.688817030779
0.9999880687080129 -0.00296960387951782 -0.0038786459505557097 0.13204603789374506 0.002983407229753933 0.9999892203193753 0.00355788228362925 -1.651090722695111 0.0038680386389583496 -0.003569411413865664 0.9999861486936935 100.62650815589943
0.9999958063940828 -0.00021759445605042157 -0.0028878793072247295 0.11966877000266361 0.0002330477331957987 0.9999856517310951 0.005351824052253855 -1.666457707432838 0.0028866733439118887 -0.0053524746225374125 0.9999815088952497 101.54697668142295
0.9999971165698808 -0.0003838643314741827 -0.002370548479067024 0.11609435389424132 0.00039262356532069215 0.9999930939301059 0.0036956648691791956 -1.680922804122559 0.002369113473968739 -0.0036965849461816917 0.9999903612340887 102.49643020322888
0.9999980437303244 -0.00013073368669180139 -0.0019736879741412824 0.11050479444394623 0.00013452941338186762 0.999998141688016 0.0019231542700970708 -1.6993765747816754 0.001973432885365015 -0.0019234160269723131 0.9999962030095086 103.42060936149345
0.9999972052536258 -0.00018467883622783632 -0.002356985077885382 0.12116514522210597 0.00018321116792095168 0.9999997892211033 -0.0006228895660438203 -1.7106695626860098 0.002357099615602348 0.0006224559992383544 0.9999970283105504 104.34617674159811
0.9999973076106792 -0.0011711634614302423 -0.00200328418640906 0.11961818138508382 0.0011618010661097863 0.9999884284374951 -0.004668319760493102 -1.729349368445087 0.0020087283708101695 0.004665979773857158 0.9999870967382943 105.27954284167724
0.9999977489756426 -0.0012520224683537724 -0.001713033385063256 0.11662679754123692 0.0012382251082570103 0.9999669776618465 -0.008031835681116444 -1.7551752029621221 0.0017230328554299395 0.008029696480311876 0.9999662769974863 106.1904847522604
0.9999970462828548 -0.001896430295427665 -0.0015201900185226164 0.1115803053332141 0.001883129637597561 0.9999603503630994 -0.008703535170872493 -1.7797485514873939 0.0015366353913152352 0.008700646748214637 0.9999609679871697 107.07357272604115
0.9999949790499231 -0.0018669337607055722 -0.0025605533130714205 0.1152170220051848 0.0018460535985395387 0.999965224097151 -0.008132815160858389 -1.8118109505745958 0.002575647694711068 0.00812804740774349 0.9999636497814762 107.97308397721336
0.9999938579902258 -0.0014437801117931004 -0.0031936626003454625 0.11088019277523399 0.001419377985065077 0.9999698844516594 -0.007629911917292526 -1.836284103645621 0.0032045823365254686 0.007625332039914141 0.999965791896568 108.87102827332215
0.9999940415817227 -0.0002612078078233245 -0.003442175405906306 0.10062670437372197 0.00023779395737415484 0.9999768466647239 -0.006800705000514455 -1.8553441558884898 0.003443872105309406 0.006799845950559574 0.999970950498049 109.79435440637435
0.9999920075416686 0.00013180630478379788 -0.003995932916576358 0.09566753866292108 -0.00015617947780706694 0.9999813838707005 -0.0060997967183133404 -1.8784816478972486 0.003995054536106645 0.006100372048660339 0.9999734121466042 110.71826594281863
0.9999929292880194 0.0006500166497513262 -0.003703896909213943 0.07818700815352528 -0.0006748779560555645 0.9999772269971973 -0.006714910776376773 -1.8990800614433414 0.0036994477565525483 0.006717362975554088 0.9999705951281528 111.61841934312585
0.9999901093163571 0.0006162624640607507 -0.004404712252643091 0.06885331318378184 -0.0006454967649335792 0.9999777551574025 -0.006638714053399861 -1.9236049794016148 0.004400523080231147 0.006641491619490889 0.99996826248921 112.52592439824622
0.9999889395338583 -5.016418227259681e-05 -0.004703008983302639 0.05979728480564295 2.573400308454889e-05 0.9999865081551725 -0.005194501456400199 -1.9498013868860635 0.004703206108952624 0.005194322975546998 0.9999754491291892 113.43090153361231
0.9999868267345788 0.0008318513429910309 -0.005065015364524091 0.044602992640249396 -0.0008579210453767554 0.9999863859955717 -0.005147018067746144 -1.9686430324761928 0.0050606648554899865 0.0051512956479893455 0.9999739265722728 114.34136824214302
0.9999806562331565 0.001189528217332152 -0.0061050947673775635 0.040411200319026334 -0.001228992271216052 0.999978350046539 -0.0064644424502680285 -1.9872837158909111 0.006097272955655622 0.006471820517886606 0.9999604686194801 115.24848094256835
0.9999778864397186 0.0014590235259542672 -0.006488288055932711 0.018668731357602924 -0.0015068348533154258 0.9999717051860381 -0.007370093353969968 -2.0193019142012782 0.006477351331436901 0.007379707153549317 0.999951790758964 116.1643736741741
0.9999683210201024 0.0016448702850295502 -0.007787898174441315 0.015392814481680117 -0.0017023302992702548 0.9999713387556856 -0.007377244655595803 -2.044164759731191 0.007775540353069267 0.007390268527042632 0.9999424607962791 117.12734487624775
0.9999708823478081 0.0010757748523514583 -0.00755494308418351 -0.0022284124965585295 -0.001138870281415173 0.9999644711305503 -0.00835221234618361 -2.0680054598076434 0.0075456895655930355 0.008360573249527837 0.9999365796808922 118.04535394977046
0.9999679380275003 0.0015628406113282766 -0.007853689976411669 -0.020025264360362893 -0.001635370707889273 0.999955998498332 -0.009237241463005554 -2.095620392143227 0.007838908066163655 0.00924978899336206 0.9999264937603719 118.92524257917111
0.9999600091539709 0.0024094754022198563 -0.008612463124415106 -0.029514382214753738 -0.0024871137267716975 0.9999562680505412 -0.009015334255506923 -2.1199853963078 0.008590364258481219 0.009036393899922852 0.9999222715927445 119.83497638789795
0.9999541976251297 0.0028863595100351905 -0.0091253263314162 -0.04449981134286586 -0.0029573254890382706 0.9999654174467721 -0.0077729104233139265 -2.1441610239150872 0.009102575340411274 0.007799540965714549 0.999928152560422 120.75217441144652
0.9999440642021165 0.0025794426894529213 -0.010257433517116426 -0.056994369413000304 -0.002657798598059528 0.9999673387796939 -0.007632658806944507 -2.1650465169100297 0.010237410490859529 0.007659494060507631 0.9999182604479133 121.66781296968077
0.9999330803032466 0.003061298262514622 -0.01115631517129287 -0.07040237773786817 -0.0031430186153507673 0.9999683065197362 -0.007314874573693529 -2.1910472328292636 0.011133568576014849 0.007349449570769358 0.9999110106613351 122.57625210272693
0.9999267821184258 0.0028208627142760276 -0.011767460891348615 -0.08390276291245963 -0.0029046521733668935 0.9999705090431558 -0.007109433150253862 -2.2141180017041764 0.011747059122773745 0.007143092993474459 0.999905486945869 123.49928208721408
0.9999037992339554 0.0030704755001769463 -0.013526435513350605 -0.09026460245961773 -0.003173946808478247 0.999965817757285 -0.007634748106876235 -2.241481241055415 0.013502530842436218 0.007676945825089443 0.9998793658055207 124.41485349047369
0.9998778162752245 0.0042639187045407775 -0.015038999899002628 -0.10636759035870375 -0.004386343266137748 0.999957437031535 -0.008116903231486212 -2.26817152732665 0.0150037499790121 0.008181877693954146 0.9998539615183665 125.31256024453901
0.9998834804607066 0.004126855433713256 -0.01469675358729409 -0.13203616412319244 -0.00424346728704241 0.9999596941780505 -0.007912206058830595 -2.292221043616393 0.014663508691993815 0.007973649325301183 0.9998606915112122 126.23896643194323
0.9998910993127402 0.004185144512332621 -0.014151822517358468 -0.1542363980627524 -0.00431723069283354 0.9999472865838124 -0.009315877457912628 -2.3135217294532833 0.014112088233027297 0.00937595963498846 0.9998564598714301 127.16003897306011
0.9999167235617312 0.0036492704488175053 -0.012378560770794814 -0.18198104902146622 -0.003786363275169376 0.9999315599751545 -0.01106972532620652 -2.331916183996963 0.012337317160278208 0.011115673206812697 0.999862106699943 128.06313829671268
0.9999259118051445 0.0005021853203093255 -0.01216218362579122 -0.19989562336497127 -0.0006291916631475284 0.9999452917409252 -0.010441151421278053 -2.3626952109993904 0.012156274860927173 0.010448030199762008 0.9998715235701299 128.96348467391562
0.9999260045559571 0.0008433008482874143 -0.012135660527229196 -0.21719490334394553 -0.0009244521074914465 0.9999772415062649 -0.006682952776805236 -2.385528992511514 0.01212974859812893 0.00669367710569912 0.9999040273375006 129.88701500616978
0.9999271367352687 -0.0002443864056477056 -0.012069030436828044 -0.23497829918115506 0.0002184814598121406 0.9999976698868047 -0.0021476700881294815 -2.4091655412292994 0.0120695271759939 0.0021448767424888304 0.9999248601857591 130.81215680243255
0.9999220722214655 0.0005997514583030902 -0.012469554222654717 -0.24417298937025017 -0.000630968863636775 0.9999966766667742 -0.0024997067217428226 -2.432639594600484 0.012468013579418742 0.0025073798256108376 0.9999191275717231 131.72999753246216
0.9999191630486111 0.0014920791888137963 -0.012626997578709755 -0.2606993256738132 -0.0015675788441325855 0.9999809421119937 -0.005971441146933787 -2.4532186286305597 0.012617847071741049 0.005990752248107286 0.9999024456529639 132.64214767012845
0.9999116597413418 0.001658283721860052 -0.013187979693874332 -0.27585559464874243 -0.0017608293527667728 0.9999682792351825 -0.007767882814034909 -2.4789553700899285 0.013174680007447804 0.007790418379008498 0.999882861733405 133.5533982456023
0.9999116021019158 0.0011994630180651284 -0.013241951156931784 -0.29283937227413637 -0.001298362646231863 0.9999713115830304 -0.0074625910611538365 -2.506480324896481 0.013232620164318358 0.007479124238537108 0.9998844735589275 134.44070005730757
0.999910125218723 0.0011117481578644265 -0.01336059508799416 -0.3016591707436249 -0.0011961587896276657 0.9999793665563093 -0.0063115501888257024 -2.5327184306424293 0.013353302558611719 0.006326964332884087 0.9998908234567967 135.33768800017816
0.9999101002410715 0.0009049832651910173 -0.013378058198947851 -0.3138623370112305 -0.0009579944989445656 0.9999917134560126 -0.003956673582918811 -2.558886535868236 0.013374366617701463 0.0039691339850806626 0.9999026814110392 136.26262900350017
0.9999225259951158 2.452658181980225e-05 -0.012447546183421037 -0.3399075323214249 -6.285601349615887e-05 0.999995258218438 -0.0030788942421481474 -2.577336075351343 0.01244741164512422 0.0030794381110134457 0.9999177861225692 137.16742647480828
0.999933884771995 -0.00020383552152716897 -0.011497153380797065 -0.35114318236399933 0.00016067835071479 0.9999929388356837 -0.0037545254339342825 -2.6010851822958547 0.011497837503157485 0.003752429858987985 0.9999268568264917 138.06587149283874
0.9999417878685416 -0.0017737072153447807 -0.010643065205762197 -0.3642628390162354 0.001719832949167423 0.999985673950165 -0.00506893174690789 -2.6262315441889585 0.010651903533492917 0.005050332379367536 0.9999305131327747 138.927940363368
0.9999563367361252 -0.0017809279558088573 -0.009173489896540949 -0.3800086430010618 0.0017220762486847368 0.9999779131507014 -0.00641931960210567 -2.6497656740370457 0.00918471962878844 0.006403241864593424 0.999937317744951 139.81766437058445
0.9999627206256092 -0.00290500065232198 -0.008131317865924434 -0.39146829885030965 0.0028463422433215335 0.9999699120351709 -0.007216187372727961 -2.6749291073351706 0.008152036240143238 0.007192773844243374 0.9999409024085215 140.71300454291313
