1.0 0.0 0.0 0.0 0.0 1.0 0.0 0.0 0.0 0.0 1.0 0.0
0.9999786718945595 0.0004861069229611544 -0.006513022036825003 -0.004930078194405674 -0.000484858037763585 0.9999998637681612 0.00019332962034524732 0.00013347717488015317 0.006513115128410901 -0.0001901676059060266 0.9999787713584751 0.06612716146618597
0.999907424086477 0.0009661697979733527 -0.013572390086760385 -0.012168267795157287 -0.0009649493600582621 0.9999995297831231 9.646898342036051e-05 -0.00047655686149039475 0.013572476910211732 -8.336338358740292e-05 0.9999078862180595 0.1375542064623994
0.999775979730385 0.001355529436474189 -0.021122331644382417 -0.020398271056564884 -0.001365946655064193 0.9999989524862276 -0.00047876526881922553 -0.0016842400564435673 0.021121660538034073 0.0005075099939514339 0.9997767840321767 0.20997221570621827
0.9995395070620108 0.002010743403711322 -0.030277561546406154 -0.03128932037207123 -0.0020643806927785192 0.9999963547256517 -0.001740364261746548 -0.002570692687302578 0.030273951750428362 0.0018020672497753136 0.9995400144061466 0.285092489020196
0.9991166008931094 0.0022507956065558206 -0.04196369548712103 -0.04078488975824064 -0.002381144849021023 0.9999924939065582 -0.0030565143137525645 -0.0041587873846706536 0.041956500914712765 0.003153735829092657 0.9991144609009088 0.36848851281986145
0.9984682648585192 0.002268448419304645 -0.05528090278012459 -0.05950152394897244 -0.002473645037200338 0.999990302045374 -0.0036437474434105194 -0.006512534061027764 0.05527210101530939 0.0037749115182187914 0.9984641930947663 0.46021059910001944
0.9973992723641113 0.002394866535180765 -0.07203440915159193 -0.07260492145001947 -0.002680455738289172 0.9999889259732022 -0.003868215091802556 -0.005009751157481432 0.0720243475817404 0.0040512399632763926 0.9973946464715882 0.5636718290761407
0.9958770100670097 0.0009430290594118747 -0.09070882821526018 -0.08856103731580459 -0.0013036630706880791 0.9999914804528417 -0.003916565374400715 -0.004550875077640848 0.09070436198215938 0.004018671164319768 0.9958697550380182 0.6753576765346296
0.9938315179859816 -0.00046583303649987915 -0.11089948988729033 -0.11319549428703693 2.0622136234067708e-05 0.9999919370028868 -0.004015657348690464 -0.007852988127321213 0.11090046633087979 0.0039885998541718155 0.9938235143317935 0.7895871154508597
0.9911260075066638 -0.0006814147075578512 -0.13292393658742094 -0.14536125293110408 0.00011822449570311057 0.9999909838818721 -0.0042447824365754415 -0.01278528056986453 0.13292563058668933 0.0041913994037274666 0.9911171519574109 0.906605628520847
0.9875903866204605 0.0032062118058344964 -0.15701894299958055 -0.18554192373312453 -0.004090306538903432 0.9999775486670586 -0.005307688219811807 -0.017533330938429858 0.15699840014238103 0.005884077470347639 0.987581328288995 1.029860823518753
0.9832855608523509 0.007238949135091791 -0.18192609333104978 -0.23433285441740498 -0.008605025117052282 0.9999403907718306 -0.0067207474148490804 -0.023965898857951258 0.1818665977083566 0.008173892493717805 0.9832892392981263 1.151198018129481
0.9778196645919689 0.0104911150253031 -0.20918565926653698 -0.2842986459837577 -0.012367879226387397 0.9998941308213987 -0.007665684076575025 -0.025738770336420285 0.2090830913792202 0.010082839602325472 0.9778458964708407 1.284885417674915
0.9708930066330429 0.011113568664042853 -0.23925563371130848 -0.32628532065188753 -0.013302236998544107 0.9998831306864845 -0.007534949198875526 -0.03030107554948214 0.23914393189434005 0.010498264625388328 0.9709273743581291 1.4148566787252908
0.9626856975767119 0.013060576524315418 -0.27030662038154213 -0.3806888141748545 -0.015565600780126764 0.9998534576366341 -0.0071256806286624196 -0.032229987224384006 0.2701739435134203 0.01106727576779831 0.9627479190595465 1.5433284553220799
0.9530680924764897 0.014733756214727585 -0.3023973007998395 -0.44133298696105955 -0.01731135369302066 0.999833060829291 -0.005845297772281316 -0.03692650621032024 0.3022606956528408 0.010805873427747283 0.9531640493445631 1.6779798694942294
0.9416244213802953 0.016803562594772527 -0.3362455789216354 -0.5158284658773671 -0.019510377732519464 0.9997987339738122 -0.004672976042779592 -0.03829788537287334 0.3360993814647045 0.01096046661805843 0.9417627482283197 1.8144255962247318
0.9290374296738909 0.01911844158101563 -0.3694914606001626 -0.6062048585513771 -0.022408220622794617 0.9997382595123607 -0.004613471113523908 -0.034292230169942914 0.3693065473471177 0.012565733512550964 0.9292226732209254 1.9655769369231577
0.914826783250704 0.021854475330537616 -0.40325468200033887 -0.6866770518099538 -0.025633807951594107 0.9996634927197564 -0.0039760801347327535 -0.0366051994206265 0.4030320887188375 0.0139743776735834 0.9150791508014852 2.0919387611391356
0.8983971458474752 0.022018188459199395 -0.43863169939036983 -0.7732881132128782 -0.026186715945348743 0.9996510978498513 -0.0034552099189867776 -0.034424457790307506 0.43840258238416774 0.014590474446083803 0.8986602771984145 2.2243758557398063
0.8798790086830602 0.01731206554747525 -0.47488232486100523 -0.8722625547209428 -0.02206564982481789 0.9997466745270898 -0.004437777578142256 -0.0297308795850444 0.4746851979751664 0.01438329442459109 0.8800381148931975 2.365364097446649
0.8577506675147952 0.01222680229870919 -0.5139205168929031 -0.9621645179002829 -0.01716491925221986 0.9998408535870722 -0.004861383068635434 -0.03401012768694278 0.5137792891164319 0.012991258746694559 0.8578240316470447 2.4978362303104125
0.8329804036100107 0.014145260292027671 -0.5531216491993161 -1.0830325657219761 -0.017903563407365698 0.9998387483868569 -0.0013927101357411257 -0.038852941949753 0.5530127571937379 0.01106294876940967 0.8330993347407647 2.6170052805931445
0.8038595617146866 0.01976158273615635 -0.5944907777986391 -1.218131168948856 -0.023086357335087525 0.9997314432426416 0.0020153156034492144 -0.037745356678304455 0.5943709491091124 0.012104595810969761 0.8040999027579755 2.742846861648221
0.7711598470509198 0.022979993101996898 -0.6362266971869629 -1.3610420053438275 -0.026495407635220656 0.9996409658899624 0.003991577235480245 -0.039824976031081726 0.6360899965182949 0.013778941599975484 0.7714918386462296 2.8697181522438715
0.7358477636869004 0.022422171130798897 -0.6767756754780465 -1.507545118693068 -0.026235869462381618 0.9996452276001923 0.004593265691569054 -0.04176881426623313 0.6766385651369121 0.014375853989999644 0.7361749703647352 2.970331899029506
0.6964082926429433 0.018447739029495622 -0.7174086498383175 -1.6634691537840014 -0.020599248168369833 0.9997714943302267 0.005712276219129085 -0.04243197158221761 0.717350096475241 0.010800002287289452 0.6966291689540118 3.080017017601569
0.6523848999990647 0.01425991389775878 -0.757753651993071 -1.8274430003690372 -0.01565658034757707 0.9998631866089525 0.0053366240275628495 -0.03504220284333336 0.7577260809455016 0.008382298003548666 0.6525189064963179 3.2002120348633856
0.6081503888485564 0.01401743244011917 -0.7936980635803098 -2.0092681748601837 -0.013108705091953256 0.9998850826397091 0.007614680912220479 -0.03693124981024822 0.7937135921692161 0.005773482689807478 0.6082642521992145 3.30079272476499
0.5598118266854907 0.014828446966684625 -0.8284870764614298 -2.205950125104639 -0.011248456946672376 0.9998837305030271 0.010295518037934206 -0.03383976223451249 0.8285434152290222 0.003555648450964891 0.5599135347932942 3.40367000627128
0.508657720861439 0.015379215428138814 -0.8608314601249526 -2.407257593068415 -0.009545625290306262 0.9998797328926933 0.012222961517338165 -0.03263911160135779 0.8609159099737108 0.0019998708088763383 0.5087433502964782 3.489880405817611
0.4561793042172958 0.016857303660035194 -0.8897282021590266 -2.620679753515365 -0.008044113343374534 0.9998578268590239 0.014819524596616427 -0.03207706234415351 0.8898515239321344 0.000396714083651059 0.45625004983407247 3.563994070280234
0.4013081832098866 0.019124021516469265 -0.9157434214286303 -2.848884033033182 -0.007015833153089631 0.9998168594439496 0.017805214315082685 -0.029961154973307487 0.9159162189708985 -0.000720675152663002 0.4013688583502422 3.6337378548595427
0.34678537163609385 0.02143025442889977 -0.9376996588536893 -3.0901657161237837 -0.00690275482420284 0.9997701857125058 0.02029600296163911 -0.02981634824204406 0.937919110582065 -0.0005656460859708118 0.3468536031951415 3.68091487217393
0.29164430824325654 0.024875841463845513 -0.9562033204192372 -3.3507237798661835 -0.004181008285404231 0.9996853786488975 0.02473181928867278 -0.03173970034859956 0.9565177032543769 -0.0032150003228355677 0.2916565568162232 3.733612186240436
0.23768922902079717 0.026969391106124126 -0.9709667771612274 -3.6616304115523155 1.154672566708093e-06 0.9996144673341055 0.027765386635497852 -0.026763945633711376 0.9713412533225201 -0.006600654491553953 0.23759756091786316 3.788407366384991
0.1867344808130787 0.02761550995894439 -0.9820222081425521 -3.9511210715866425 0.0033675124564118836 0.999580971705542 0.028749623720308214 -0.026563938024386353 0.98240464857172 -0.008675518077374112 0.18656323820829088 3.822575692208798
0.13958817632956014 0.028852023549908297 -0.9897892208778897 -4.242070832793462 0.0008090748741393537 0.999571762205891 0.02925128370614365 -0.023729360902900398 0.9902093144516644 -0.004883946937143339 0.1395050559495231 3.831013728333721
0.09743149977134476 0.02902214732104414 -0.9948189874631359 -4.549967946090373 -0.0010494546401391195 0.9995771711121149 0.02905817675731481 -0.014869531820937795 0.9952416799437531 -0.0017871643395901721 0.09742076034582492 3.8328944770476
0.05925339278317971 0.027692080091598757 -0.9978587997025831 -4.859664812725862 -0.001878565083916265 0.9996164726211358 0.027629307948315408 -0.009625213279531988 0.9982412065412379 0.00023741246361513806 0.05928268885951835 3.8261294066997698
0.024058509316621575 0.02454827548408523 -0.9994091105749519 -5.204984495357366 -0.00017550786681050744 0.9996985594316716 0.024551160201257805 0.0005888105977785631 0.9997105367687439 -0.0004152601553627562 0.024055565521364588 3.8277259314462095
-0.007855940931298704 0.021817518871063857 -0.9997311038786337 -5.554976243580881 0.0011339255293430761 0.9997615064962224 0.02180927191119149 0.007071120014485633 0.9999684987063229 -0.0009622882692723054 -0.007878806782054975 3.822444857265541
-0.03417127267032678 0.020078519770055276 -0.9992142799059321 -5.885501502406418 -0.00020368656090251442 0.9997980098280637 0.0200972151211613 0.006848157383648756 0.9994159707728681 0.0008902739381033368 -0.0341602806844447 3.7965428654400615
-0.053933460332592616 0.01775540960641011 -0.9983866622137226 -6.239285019610368 -0.0009860353360549778 0.9998404659037154 0.017834530432714865 0.011790506112348179 0.9985440448927969 0.0019463224676370126 -0.05390734864546077 3.7545570528766117
-0.0701375878835667 0.01651139651645986 -0.9974006680120822 -6.602737226425719 -0.0005200881682181584 0.9998622624594088 0.016588719596402273 0.022518828020359323 0.9975371914240448 0.0016822290649796234 -0.07011933992273968 3.724020928640794
-0.08325585666382555 0.016643466281139715 -0.9963892097776438 -7.025198058822928 0.00014663360069862972 0.9998607148309073 0.0166892011915632 0.04026003801788876 0.9965281936953709 0.001243369604716736 -0.08324670084914114 3.68530255343409
-0.09308638032862927 0.017538393020416817 -0.9955035562807255 -7.42070355969386 -0.0003229392833883035 0.9998442616055047 0.01764506290045643 0.0420212131108593 0.9956579842031761 0.0019640022411551027 -0.09306621936913378 3.6447593864314327
-0.09912336680890059 0.019048213385423493 -0.9948928202169759 -7.832842096932405 -0.0022975537454130853 0.9998097196114094 0.019371262667715845 0.04164732693406495 0.9950724995693796 0.004205964500343793 -0.0990607412821388 3.5840378655515766
-0.10366117604913518 0.01983506121073633 -0.9944148686171549 -8.24828120149161 -0.0018696467762527788 0.9997954761995361 0.020137283627007768 0.048581339340919266 0.9946109113623479 0.003946659056585129 -0.10360289031319977 3.535992707333574
-0.10533708413264442 0.020571510308703057 -0.9942237734383784 -8.66688785671189 8.90590328980922e-05 0.9997862005633646 0.020677166913290204 0.05153152666126322 0.99443656950804 0.002089527863030038 -0.10531639520221356 3.4961331044088766
-0.10472507745629567 0.022991985261699124 -0.9942353980650134 -9.11343555353784 0.0024188942619835802 0.9997356493113567 0.022864392547136 0.05807034842772024 0.9944982690293234 -1.0475018943900075e-05 -0.10475300849117312 3.4565119918684153
-0.1030873687133026 0.025276661120104564 -0.9943510872998449 -9.56397521988692 0.0012597414590564562 0.9996795777777675 0.025281511535496067 0.06561464670042179 0.9946715073144622 0.0013535792117665751 -0.10308617928749499 3.414743082374517
-0.10184449924028059 0.025293853546084242 -0.9944787171917167 -10.014745614052387 -0.0012184451649313059 0.9996727839572412 0.025550741800536552 0.06962581274579074 0.9947995845223683 0.0038139202884894066 -0.1017803549127068 3.3736869868611765
-0.09919675860036757 0.02321369943178381 -0.9947970281629656 -10.476996796272854 -0.0035672998814553656 0.999713126971402 0.023684132507137332 0.07097972140196317 0.9950614440599819 0.005898128495614058 -0.09908549149856974 3.3140062080219814
-0.09766756317210286 0.02258686035829988 -0.9949627534954135 -10.954698572523416 -0.0034360238557918994 0.9997288156916408 0.023032342821561785 0.08501656328716281 0.9952131635203012 0.0056682285541676935 -0.09756346827051644 3.2629552366595256
-0.09601976788766285 0.02551976265004706 -0.9950522327441317 -11.444884897412106 -0.003567521348794192 0.9996560427198835 0.02598209085209865 0.09177458366893708 0.9953730340762831 0.00604466441634135 -0.09589569889139267 3.2164718195069755
-0.09411252918301506 0.029082991650731915 -0.9951366797819365 -11.95788637739232 -0.004412076616985317 0.9995512193246161 0.02962926807394026 0.10147105867710243 0.9955517894266989 0.007179104631856856 -0.0939419769111921 3.1576584789090454
-0.09190310762195245 0.03125569394158583 -0.9952772982469029 -12.486600754553892 -0.0051645652914566525 0.999478853654318 0.03186453142914922 0.10773742364177638 0.9957545611619252 0.008068624051163384 -0.09169379058116736 3.095585032710973
-0.09003430416689233 0.030620601834222046 -0.9954678311309163 -13.023940766217423 -0.006948337971357953 0.9994836080791846 0.031372564135710566 0.11840454520142685 0.9959144263804091 0.009741453912208778 -0.0897750488891938 3.0410826273502125
-0.08819916553205126 0.027299846422517118 -0.9957286907510269 -13.577365049793467 -0.010109104043542292 0.999548355755074 0.0283000092361058 0.1335830347297946 0.9960515615242448 0.012561962133123224 -0.08788335389867355 2.9885312101182806
-0.08669906587998527 0.026680564352660793 -0.9958772110362597 -14.13703831348719 -0.011140868729560905 0.9995528387161371 0.027748939771841414 0.143419666306427 0.9961722506773053 0.013500744436301521 -0.08636305274929315 2.9395902007839037
-0.08514520594299166 0.028923376732553435 -0.9959486594113725 -14.715123444212422 -0.008599545455048773 0.9995200120276393 0.029762281065678266 0.1558095803804922 0.9963314417014505 0.011098821318180161 -0.08485560937531013 2.885389604037406
-0.08452522893958403 0.031181196278327668 -0.9959333404758379 -15.281268280385301 -0.0058843923196923425 0.9994771986667618 0.031791559764637295 0.16250993269457492 0.9964039640626375 0.008547651367080654 -0.08429755664530349 2.842923046347033
-0.08383192263027038 0.032698348893150105 -0.9959432848951653 -15.86439091505587 -0.004879697526578102 0.9994360260740351 0.03322376163813506 0.17297935459628203 0.9964679610003331 0.007645113799056049 -0.08362508555952666 2.800566777630674
-0.08327568582751822 0.028397753991553375 -0.9961218438113834 -16.427350789633085 -0.004626315447910358 0.9995720968355383 0.028882874392605402 0.1749385986372769 0.9965158088837993 0.0070136150477460215 -0.08310867493005321 2.744185741168059
-0.0828054989727339 0.02087355377720554 -0.9963471002078466 -16.988733116910204 -0.0028306445251453614 0.9997716597886288 0.021180550867704116 0.18399899636262299 0.9965617074679565 0.004574170547471394 -0.08272750553687643 2.6951883458043446
-0.08340560306140438 0.01612683360532643 -0.9963851818527952 -17.547071790799905 4.189985319220458e-05 0.9998690989719095 0.01617971462976292 0.19365666193411885 0.9965156815737354 0.001307730463219921 -0.08339536089417612 2.64964855656411
-0.08297488521330083 0.01670940661745982 -0.9964115435673806 -18.125788619095403 0.00104582205233739 0.9998603296414735 0.016680151842073977 0.19975616090808837 0.9965510898494241 0.00034196451897586363 -0.08298077114725694 2.5882464354135006
-0.08241685879305345 0.02482825060588669 -0.9962886225178603 -18.727022586192398 0.00019826275134086785 0.9996900115883228 0.02489661467783109 0.19929300512065715 0.9965979239786562 0.0018543738529033806 -0.08239623303917729 2.5280308425120865
-0.08243156723826836 0.03191745645574787 -0.996085494672037 -19.32863867358811 -0.0010973014646941475 0.9994835090369105 0.03211714639808432 0.20752262547470054 0.9965961231372207 0.003740472785084687 -0.08235396900699865 2.465969454813539
-0.08250075413449566 0.03752488277090852 -0.9958842848143891 -19.94599598359247 -0.003298231186018768 0.9992751119130432 0.03792588011128035 0.21578514346709882 0.9965855443655014 0.006413570316241559 -0.0823171845820522 2.400460685794364
-0.08285890664206766 0.03815570907244449 -0.9958305796947883 -20.541026161756502 -0.004516838582147782 0.999242127058209 0.0386622513752872 0.22345286344949206 0.9965510522593932 0.0077015178609308255 -0.08262376693986989 2.351857134464931
-0.08311539961557438 0.03465210762043199 -0.9959372780372283 -21.130578949335526 -0.0036610990612377524 0.9993778943015306 0.03507735359316191 0.23563729667971212 0.9965332040129957 0.0065616932950317754 -0.08293682825316419 2.2983619061135347
-0.08328448339035623 0.031678679929787436 -0.9960221664522863 -21.734476028123165 -0.003318250588002491 0.9994802412763693 0.032066127161890924 0.25207589707301437 0.9965202878212951 0.005975661974506787 -0.08313607775526718 2.234840115593498
-0.08338962738429966 0.03329601995924631 -0.9959606142310947 -22.326733106236315 -0.0049821208155244635 0.9994152293553872 0.033828653604531966 0.2607429941772274 0.996504565226315 0.007782954926603272 -0.08317497878402735 2.184643868486383
-0.08287778816553525 0.03555297534588163 -0.9959253276088736 -22.915930038130995 -0.0054700574574984805 0.9993321352030494 0.03612979410296429 0.2713623238327079 0.9965447058211692 0.008442126187533714 -0.08262796019044368 2.131058718918076
-0.08271327202839947 0.03419233735071106 -0.9959866458426287 -23.501818641903665 -0.006740327296134091 0.9993691885978223 0.034868221481289485 0.27500795144730217 0.9965505921017243 0.009597340664091873 -0.08243062800852934 2.077757388450572
-0.08277896194627463 0.028806345989452645 -0.9961515135208259 -24.087323556992143 -0.007958792304770392 0.9995311611909049 0.02956544323036101 0.28505546364541645 0.996536151418576 0.010375559700291234 -0.08251088823154866 2.0361668231552246
-0.08296694280784171 0.02449698442893504 -0.9962511651963112 -24.669770224418155 -0.009892383989892211 0.999628323368595 0.02540385518547154 0.29215386501548424 0.9965031997641144 0.01196297927677844 -0.08269377235745591 1.9857199482956054
-0.08279926314508215 0.024594442654431566 -0.9962627140534509 -25.254233554568543 -0.009049291961822319 0.9996356515500833 0.025429794828633036 0.305101724494316 0.9965251589085058 0.011121040443896052 -0.08254653306968314 1.9436251560239468
-0.08301619614181635 0.027231604496376818 -0.996176064204865 -25.832448598822292 -0.008595954356174608 0.999569821285726 0.028040719383194537 0.30910887246223195 0.9965111242464129 0.010890917838898442 -0.08274640271199972 1.9110909458149765
-0.08248499169607616 0.032423473318720024 -0.996064729082828 -26.432111220299046 -0.008235975263726686 0.9994143101463078 0.03321453576724413 0.31825993772405253 0.9965582746916274 0.010943265176753588 -0.08216964214914059 1.8601264717054895
-0.08188558899944189 0.038405684554424516 -0.9959014779124084 -27.05606581611081 -0.00753462939847055 0.9992048358436935 0.03915259105608297 0.3261240611485501 0.9966132548155485 0.010709781532946903 -0.08153110391423904 1.802278119825467
-0.08176743070135166 0.04141630879069075 -0.9957905284961555 -27.65963216458087 -0.008056845191444083 0.9990760834568259 0.04221453197811318 0.3397091899811376 0.9966188712452013 0.01147470394931608 -0.08135819963110592 1.7444815227687738
-0.08179672907139525 0.040654085848950486 -0.9958195320523724 -28.252293354898526 -0.007837764454299314 0.9991105740666251 0.04143223668374593 0.3592114612467715 0.9966182140426587 0.011194020370066069 -0.0814053397903047 1.707373068403158
-0.08152098855808167 0.035954980209646506 -0.996022875150283 -28.854754265788877 -0.007520759569144888 0.999298440027986 0.036688771213217335 0.3747737492102839 0.9966432494127561 0.010481753467662466 -0.08119338793415992 1.6454727068879098
-0.08121020913894071 0.031096386856797997 -0.9962117830341403 -29.451378423002247 -0.008842321105451589 0.9994513663919955 0.03191832662657534 0.388176514194752 0.9966577724018801 0.011400918455337646 -0.08089069025108661 1.5908150181199379
-0.08034613611127796 0.02778578499617366 -0.9963796708906365 -30.05910418368727 -0.01266611439815651 0.9995022225070623 0.028894233845094607 0.4027831179150592 0.9966865444852965 0.014941798940853126 -0.0799542036816735 1.5157319549746762
-0.08071595661217727 0.02577532610012838 -0.9964038171909076 -30.657481157725403 -0.016573963754748983 0.999492661888059 0.027197841042570083 0.4104351251380708 0.9965993367816566 0.018709660508758 -0.08024780701059614 1.4553090452710113
-0.0815084785439754 0.02366600237423101 -0.9963916339758515 -31.243520095175242 -0.014415843486656263 0.9995854744463298 0.02492113024066105 0.416462881304473 0.9965683877095515 0.01639510925632755 -0.08113352581059677 1.408408816418645
-0.0825503183507984 0.01991519797822934 -0.996387891250023 -31.818455286953636 -0.010722393453714915 0.9997246938304278 0.020870237762879936 0.4195156255153925 0.9965292144331777 0.012406507773888253 -0.08231405315042546 1.3607122564714174
-0.08290686039882338 0.018220765801452116 -0.996390714625752 -32.39891320886539 -0.006157821881293237 0.999804384835638 0.01879556578310808 0.42606616465361535 0.9965382750945846 0.007693877893342067 -0.08277844232935407 1.30287459911127
-0.08429596603715636 0.022131024598307802 -0.9961949647835455 -32.972488803690496 -0.006105483177466823 0.9997230868137142 0.02272603720021412 0.4262285071424171 0.9964220557499887 0.007997964858956567 -0.08413750277422535 1.2497641186625221
-0.08637028142360954 0.028404240529640908 -0.9958581091735602 -33.561050191602895 -0.00319765352650136 0.9995804324730668 0.028787740947810576 0.4321835974685681 0.9962579733677077 0.0056708144819117776 -0.08624321633833537 1.2020826602216441
-0.08768229352644535 0.03244190173865919 -0.9956200773455299 -34.145660059403696 -0.0014987702349230773 0.9994641159869494 0.03269915201050274 0.4336937978953573 0.9961473631394736 0.00435934238187326 -0.08758668303042717 1.1415972272612962
-0.08969406303210742 0.03125432948825903 -0.9954788505764595 -34.72411172418885 -0.0009335896093719388 0.9995044234787296 0.03146483524336633 0.44280143522354926 0.9959689269586846 0.0037515776268663968 -0.08962043404311366 1.098222616146818
-0.09089901088782017 0.02714417051361118 -0.9954901123701536 -35.2847623449278 -0.005344394676018687 0.9996007671216224 0.02774425734111032 0.4468254133677394 0.9958457748392382 0.00784221760670965 -0.09071765185368427 1.0394270116765343
-0.09166114159639244 0.023315184580672284 -0.9955172712159305 -35.84813851324663 -0.010466533005563989 0.9996480784174036 0.02437562313531905 0.4521174491433835 0.9957352493550128 0.012653911820502644 -0.09138485491343525 0.9763601543493441
-0.09283586703609309 0.022012520992595673 -0.9954380697518077 -36.41372749902921 -0.01554577116184776 0.9996016800149775 0.02355441169329873 0.45437608718076944 0.9955600588566419 0.01766154667023099 -0.09245668704087989 0.9107930840236942
-0.09370526653480947 0.022686766914001223 -0.9953414658450773 -36.977856851217055 -0.01698896578350187 0.999558341995803 0.02438228841203901 0.4599400234459813 0.9954550206138134 0.019194570940526727 -0.0932784561469691 0.8505724915499396
-0.09545547252100825 0.024322459715035296 -0.9951365085852285 -37.55488741503582 -0.01617273736682042 0.9995316001363767 0.02598120272191147 0.4626600662021844 0.9953023135368749 0.018574129379972635 -0.0950174004376114 0.8008116674861238
-0.09615334685577383 0.023872367272556566 -0.9950802198663353 -38.112033196107156 -0.01892506955064948 0.9994877939126519 0.025806812320056986 0.4639353356787756 0.9951866034221606 0.021313373745702868 -0.09565231031522405 0.7414275078747735
-0.09636602167983553 0.02330653792476372 -0.9950730602099324 -38.678270229036755 -0.02037745408647061 0.9994700924085854 0.025382942022703258 0.4694334482278884 0.9951373519422104 0.022723108738373993 -0.0958400286869169 0.6803232450604315
-0.09703456976091815 0.025171036671654712 -0.9949626682364441 -39.24031748692629 -0.01946728189634106 0.9994409013593597 0.027182892148537335 0.4719389109596286 0.9950906075362592 0.022006898983389738 -0.09649030619835987 0.6289235220803026
-0.09714411376921718 0.028320912514597424 -0.9948673012388788 -39.80111775655473 -0.018454505757300965 0.9993719525832596 0.030251142245820588 0.47542614268659034 0.9950992173533485 0.021298504742444557 -0.0965604542164606 0.5685469748232861
-0.09718845349810416 0.03272091867969529 -0.9947279758745099 -40.36116595822365 -0.01867468669209144 0.9992235112802542 0.03469337950836781 0.48009513266247295 0.9950907800716466 0.021948029194360216 -0.096501934855653 0.5056053595478894
-0.0974511015072474 0.03504184412233269 -0.9946232211121586 -40.98235282728088 -0.019780509359778736 0.9991143533626915 0.03713812534469099 0.4828117157510252 0.9950437248003179 0.023293305157421035 -0.09667164874125014 0.4399959791652397
-0.09804084814404976 0.03512549212910987 -0.9945623117220352 -41.586780266935406 -0.01869408825850478 0.9991355803930254 0.03712981358524599 0.49213837552953443 0.9950067955342705 0.022232674049246486 -0.09729946066264498 0.3716183312531038
-0.09790080234417581 0.03308471921232408 -0.9946460849241826 -42.13601102742386 -0.018783145616522487 0.9992077959719213 0.035085237774358215 0.4987219877920442 0.9950189075294572 0.022117455178585408 -0.09720180983556014 0.3106737156320126
-0.0975400130818102 0.028830297004914976 -0.9948139322620109 -42.68563835240441 -0.01759049343943304 0.9993742400078537 0.03068717890718405 0.514397925474533 0.9950761379857103 0.02049249578096678 -0.09697183729366875 0.24175229567394996
-0.09700367935602038 0.026140296536980526 -0.994940687221278 -43.206214179309654 -0.018524775425763296 0.9994344491524312 0.028064471183345572 0.516209237850845 0.9951116112712273 0.021153409756699264 -0.0964645757200333 0.18445158511022908
-0.0956202188608059 0.023457661960866762 -0.9951414531815753 -43.72952166253426 -0.018595713901233577 0.9995057336102249 0.025347345123087197 0.522987728049342 0.9952441776617001 0.020929084442837264 -0.0951367450298244 0.12373813562005953
-0.09339205341583003 0.022977919724618327 -0.9953642245750547 -44.239209563743294 -0.020902731071039217 0.9994680484289988 0.025033897085744616 0.5222434083878067 0.9954099658897058 0.023143797757868935 -0.09286207208972128 0.06537759932924803
-0.08913497886219979 0.02370298225441165 -0.9957374775388733 -44.73843467624627 -0.02063701690280704 0.9994582332285804 0.025638907249681875 0.5255667913696164 0.9958057386240484 0.022834374610482683 -0.08859752964705027 0.01610893167896805
-0.0836402448366786 0.02458736428898976 -0.996192637475793 -45.22184735258307 -0.019072375859494187 0.9994729363113866 0.026269641416832527 0.532476321220423 0.9963134817529735 0.021196959650279196 -0.08312722164760497 -0.022985996313563885
-0.07696948060421122 0.02544419031622975 -0.9967087298878571 -45.69826000932681 -0.017553956812770825 0.9994847809693518 0.026870638452819232 0.541259629707264 0.9968789082209188 0.019564401084584612 -0.07648317824507823 -0.055804738520749415
-0.06840229125806654 0.026556057693368718 -0.9973043178240174 -46.16167777821592 -0.018088313937306002 0.9994483378995785 0.02785377476527624 0.5432149765546406 0.9974938292789335 0.019944815605966445 -0.06788420199790304 -0.08743083676182158
-0.056495214237767516 0.028030151771167085 -0.9980093192750805 -46.61929465656679 -0.02050063873917204 0.9993625015525837 0.0292286554916132 0.5467604597298309 0.9981923735330342 0.022111107666669672 -0.055884562611140026 -0.11934509371414284
-0.042536314690675515 0.029509412630452557 -0.9986590291479556 -47.06055077057733 -0.023177928801676646 0.9992655528445699 0.030514562338330487 0.5497156742118341 0.9988260336760344 0.024444824901017764 -0.0418211069504209 -0.12914930890025864
-0.02399185955956291 0.030580264560479475 -0.9992443335312344 -47.49247469410532 -0.02467470132345256 0.9992094316095661 0.031171636098947793 0.5539118823658857 0.9994075994255152 0.025403920994566172 -0.02321833345934574 -0.13620998386091382
-0.0017799189467157914 0.03171418153928502 -0.999495393975296 -47.92056268920708 -0.02569014319078695 0.999165645838037 0.03174946802537831 0.5547371361732673 0.9996683692262043 0.02573369126944662 -0.000963691999012097 -0.13488519659536227
0.024095291922734033 0.032113356420837624 -0.9991937496034202 -48.32875624304102 -0.024649287477358135 0.9991991582011915 0.03151911922763675 0.5574355972310452 0.9994057381934615 0.023869951600618677 0.024867566760087518 -0.11860152419516518
0.05286379202185771 0.03154903103522537 -0.9981032402180672 -48.72411076192515 -0.023199160369058284 0.9992698537238746 0.0303571803175854 0.559729290768821 0.998332218478018 0.021550361468018486 0.053557104751445476 -0.07922290460515682
0.0860232856308813 0.03097953571410442 -0.995811358991352 -49.1039142511899 -0.02141793839580133 0.9993429543474195 0.02923921187451412 0.5668387477007274 0.9960628826756583 0.018812973266014447 0.08663028219249204 -0.022638216398059983
0.12398801241115157 0.03106724827268053 -0.9917972569346483 -49.4700695599016 -0.02087388195382568 0.9993702421625303 0.028694949593620123 0.5729701499184335 0.992064137962113 0.01714482909703256 0.12455842406165764 0.033424384574228236
0.16474524800884768 0.03081415913476058 -0.9858547006812505 -49.81541898918516 -0.0209101342538486 0.9993963598117099 0.027743148353898323 0.5720863595980036 0.986114480952384 0.016043802289925118 0.16529012936074736 0.1089851272387679
0.21015730972447022 0.03208922656308378 -0.9771408223526193 -50.16347724188822 -0.01971910049367817 0.9993970154672437 0.02857905790756217 0.5686250354860244 0.9774687014145741 0.013262240148135204 0.210663358800623 0.19946565334433464
0.2574899984357128 0.03075148670806862 -0.9657915130973231 -50.49979146237904 -0.01652606551043041 0.9994874297431652 0.027418368735995045 0.5693789839455651 0.9661396326951517 0.008900778091926142 0.25786621780496344 0.3253940859615967
0.30784045665599474 0.02549978223119309 -0.9510962171894005 -50.819519014253025 -0.00866956579906566 0.9996744589602625 0.02399613992622128 0.5709455808156894 0.9513984926804776 0.0008586085632999471 0.3079613139935776 0.45236453001819904
0.35922836135257646 0.02061035756945077 -0.9330220777456444 -51.11206462780892 -0.0029409499087671475 0.9997761438908008 0.020952635167736194 0.5643655256047064 0.933245056356355 -0.00478280960289808 0.3592085599185048 0.5958484856685246
0.41040120596870316 0.015334556368732146 -0.9117761246711857 -51.39548379185648 0.0029074962521039634 0.999831515729127 0.018124199853722878 0.5701759532399866 0.9119004312999187 -0.010089179142421505 0.41028747465558185 0.7661622881574749
0.46057923723542 0.014732775787880383 -0.8874963163558595 -51.670796594427934 0.003131266200229293 0.999829052157187 0.018222558394525995 0.5735358347054277 0.8876130696421842 -0.011171919264059124 0.4604543699655116 0.9448612418818656
0.5085546412450501 0.013260068751187555 -0.8609276087133163 -51.940015043955036 0.005385137478410561 0.9998128703576191 0.018580219632586284 0.577332395535252 0.8610128786275246 -0.014085270461382327 0.508388068303706 1.140141846959527
0.5533877088266362 0.008779457844539176 -0.8328775209114239 -52.19543427393567 0.013658983560794846 0.9997143301140767 0.01961352422808626 0.5789006348116489 0.8328117889941833 -0.022230143600877845 0.5531097041526145 1.3453753405610605
0.5974182672448499 0.00216734603968301 -0.8019268773231776 -52.434061092205326 0.02463878450126206 0.9994746365802335 0.021056617275980474 0.5753217601161158 0.8015512112525696 -0.03233811132318666 0.5970510047689295 1.5639810103561316
0.63995986876952 -0.0025026678830460977 -0.7684042575480456 -52.65565223975401 0.025969096040991766 0.9994938941007061 0.01837285242462919 0.571643892708975 0.7679693824725775 -0.0317126521891565 0.6397009733272396 1.7799111151310685
0.6809135703050849 -0.007833473991341287 -0.7323218871914225 -52.86285083790501 0.023805750988052966 0.9996511274034813 0.011441577725159855 0.5720363060579144 0.7319767728516231 -0.02522419802833882 0.6808624999510187 2.0071157240107196
0.7214516342372495 -0.015390769931828637 -0.6922937697663508 -53.08603111730713 0.020989843085921066 0.9997796267375041 -0.0003527716579191417 0.5795099526511363 0.6921466361571293 -0.014276629907635206 0.7216156954327222 2.280608283267036
0.7606955777895346 -0.017648551235910158 -0.6488688361839525 -53.26652484794922 0.016203705377895682 0.9998351011602565 -0.008198196135917976 0.577496987534457 0.6489065247502688 -0.004277747903975768 0.7608561118959347 2.521738252077415
0.7979282194141506 -0.01826717620756818 -0.6024756152210333 -53.43215253217687 0.014993443847236776 0.9998329039583811 -0.01045757159899604 0.5689649952425909 0.6025659742336615 -0.0006887928207599956 0.7980687766479082 2.7797677006323678
0.8321377819125072 -0.020274163389785355 -0.5541982228522339 -53.616198118164405 0.016103937643562802 0.9997934923795796 -0.012394990432169043 0.5702770676169413 0.5543350747572295 0.0013895662220692973 0.832292432982309 3.079077291459593
0.8631787869433625 -0.01821513255063366 -0.5045697084815391 -53.77256956399423 0.01289924002352506 0.9998184134195138 -0.014026752799538068 0.5642302487833943 0.504733584555059 0.005599029687959309 0.8632570066259263 3.374626723989661
0.8891997330143482 -0.016983011000203805 -0.45720390652812243 -53.92743612369154 0.012884564156944597 0.9998440083953922 -0.012080847748330023 0.5550478297685679 0.457337755727313 0.004851413525937831 0.889279844015991 3.711697393174607
0.9107499900166566 -0.010684431781222041 -0.4128199348410508 -54.07713932933997 0.006857101492387838 0.999918688762938 -0.010751559037071933 0.5453595044687615 0.41290124224053937 0.00696123409439384 0.910749200041429 4.054459796666326
0.9282799969657556 -0.006400879834262704 -0.37182694357805907 -54.21145638712939 0.001962206711256445 0.9999222470031887 -0.012314612982701171 0.5400830198875703 0.3718768572768093 0.010701807578104527 0.9282203802634832 4.409018190850179
0.9422479051774112 -0.0007983926783935195 -0.3349152844495279 -54.344368245466804 -0.0028793561288808288 0.9999408907415813 -0.01048448049322637 0.5331787559390181 0.3349038585878944 0.010843320158554643 0.9421899107456411 4.78697817590652
0.9525533298012439 3.681183472648036e-05 -0.30437173411709867 -54.462099638341016 -0.002591997201128709 0.9999647128866078 -0.007990903084628149 0.5230571410824771 0.30436069955740114 0.008400692024318772 0.9525198123600592 5.175983002016369
0.9601792742744786 -0.0006753678160600834 -0.27938379539988784 -54.58417628524765 -0.001182879109685462 0.9999782882096727 -0.006482584843969604 0.5166126794923404 0.2793821076066709 0.006554920866071535 0.9601576281849218 5.589563107779328
0.966142606924885 -0.0005017268519534217 -0.2580081614107411 -54.69679659393868 -0.0007629861106883773 0.9999881807595059 -0.0048016865248727 0.5167621354226236 0.25800752108529723 0.004835970580380132 0.9661308050424465 6.0124019245323295
0.9709501491293284 0.0025370225684192716 -0.23926840874260907 -54.806148414648185 -0.00309872485072892 0.999993255653215 -0.001971434091728355 0.509050958345685 0.23926179346070392 0.0026555911895302497 0.9709514622396951 6.444528207101673
0.9747042282398547 0.007540379196892407 -0.22337146221689488 -54.91767460570486 -0.007825342704366061 0.9999693052540432 -0.0003905909628723051 0.5057531015491461 0.22336166068263802 0.0021286689052494646 0.9747333159925263 6.8868227688725385
0.9777917466655968 0.011922715394016343 -0.2092394537611687 -55.03502040346009 -0.011980772084487775 0.9999277378574654 0.0009900320730042856 0.49752995397072114 0.2092361375405754 0.0015388050166802874 0.9778639326747981 7.342953391658483
0.980616452376584 0.01057859873752902 -0.19565139042979138 -55.13550140955683 -0.010651617214715298 0.9999430393902498 0.0006789887290543239 0.49456814307681723 0.19564742875660684 0.0014181761996987243 0.98067327504995 7.81129375617586
0.9832917252699455 0.010135067898605084 -0.18175440411264426 -55.22224057903908 -0.010270872977670889 0.9999472343651147 0.00019404594480552738 0.48986792989813993 0.1817467803949449 0.0016759726259265079 0.983343937252795 8.281737457733627
0.9859800557488876 0.010681991396831752 -0.16652094380352425 -55.31150460293686 -0.010717109378211579 0.999942333643165 0.00068771711528063 0.48665987145667783 0.16651868733566802 0.0011065478088442965 0.9860376779413415 8.764193456373798
0.988225229206502 0.011953309705453458 -0.15253856806342087 -55.385299746474196 -0.011888025870739779 0.9999284370113344 0.001340036179397827 0.4805588508073259 0.15254366981507286 0.0004891248828961 0.9882966101106484 9.258994318381685
0.99008372696139 0.011209896605564618 -0.14003053889895709 -55.45402300804001 -0.01151472694315487 0.9999327691315681 -0.001366850501679876 0.4732489313896721 0.14000580227142131 0.0029657098580295827 0.9901462416710846 9.760220625144518
0.9916055624160024 0.011837633436425233 -0.12875666592555157 -55.51729910956807 -0.012859119979563799 0.9998920750186974 -0.007105022740997657 0.4667528938185816 0.128658663210024 0.008701077486373787 0.9916507649528565 10.264886968051718
0.9928016845584262 0.009629104531950464 -0.11938214055652968 -55.57354680279659 -0.011312530810658738 0.9998457989833252 -0.013431489197021971 0.45823862306380525 0.11923439849558547 0.01468531924422286 0.9927575230710122 10.766333728326998
0.9937476032155261 0.009510781184645229 -0.11124408363886101 -55.63842559197859 -0.011176045818742018 0.9998344944744011 -0.0143554748779542 0.45796252439370577 0.111089140347963 0.015508987728802588 0.9936894254224398 11.293925584507004
0.994496285819302 0.011245682717475898 -0.10416655947003865 -55.69748629685076 -0.012081072154112174 0.9998996960375643 -0.007392263495694813 0.44213786109377606 0.1040729801015341 0.008610022311272114 0.9945323938055437 11.827864550096075
0.9949238582049472 0.015814204931269147 -0.09938021582270656 -55.75845603844856 -0.015765475297938442 0.9998749033673557 0.0012756977490257135 0.4271151729012959 0.09938795783798923 0.0002975542112954367 0.995048715037754 12.382590442218886
0.9953562142814346 0.017020364043487547 -0.09474341084820703 -55.82476837190465 -0.016591749020054256 0.9998482477511806 0.00530992780979043 0.41515211243277794 0.09481941022691731 -0.003713310748760588 0.9954875643459857 12.94904854000188
0.9957483814900181 0.015072535535480325 -0.09087342533730458 -55.88363324879704 -0.014761477938346645 0.9998826614796763 0.00409414721158412 0.4123581238035794 0.09092447156337286 -0.0027353143962153647 0.995854034749107 13.505429676015622
0.9960372057656249 0.014409258482745007 -0.0877625090831927 -55.93356634930056 -0.014186321445835348 0.9998943648518245 0.0031634508685497694 0.4052283725884311 0.08779882125880382 -0.001905887598937147 0.9961364036004434 14.052474904308788
