1.0 0.0 0.0 0.0 0.0 1.0 0.0 0.0 0.0 0.0 1.0 0.0
0.9999973744490968 0.002175644748386603 0.0007194892919429353 -0.006930354653571566 -0.0021770254541302937 0.9999957797193387 0.0019238252736728315 -0.01422335682820217 -0.0007153006951427232 -0.001925386569074157 0.9999978906135129 0.5531081771888484
0.9999871375971651 0.004817045034477056 0.001587676718854313 -0.019849159072212685 -0.00482017775222958 0.9999864320227431 0.0019752612131120686 -0.016661924414603086 -0.0015781402550742562 -0.0019828886905045745 0.9999967888077325 1.1130321821085896
0.9999787811542122 0.006202653673719173 0.00199106221371456 -0.027136510960936618 -0.006206156201543395 0.9999791966772691 0.0017577934705117306 -0.028508229901350622 -0.0019801178088772343 -0.0017701130152684408 0.999996472910468 1.6416489978132565
0.9999610409479792 0.008507105100785442 0.0023549414083538526 -0.02784696353210321 -0.008509058865193911 0.9999634603754459 0.00082087221393941 -0.02857422810126737 -0.00234787211348064 -0.000840878568603873 0.9999968902050504 2.1815842721764973
0.9999574569076825 0.008735984570701197 0.002960903291231542 -0.03830770817202309 -0.008737601308402782 0.9999616840987885 0.0005335332122280226 -0.04446302480138909 -0.0029561289036435425 -0.0005593817065468431 0.9999954741867643 2.676754606305323
0.9999498899645453 0.00942708345068471 0.003368628431191695 -0.036029428848894166 -0.009431756343945668 0.9999545760214466 0.0013739963741444747 -0.05254845773376593 -0.0033555226362061014 -0.0014056996057137524 0.9999933822163307 3.18675378649506
0.9999364083801946 0.010542534646743837 0.00400426759102571 -0.029828295547395665 -0.010558401313464484 0.9999364085975436 0.003962186611788648 -0.056338689131851555 -0.003962241464402182 -0.004004213314116605 0.999984133333281 3.6840434511414575
0.9999328749447165 0.010225951066169631 0.005447525088272631 -0.0282668061076065 -0.010271825361516966 0.9999114484652356 0.008460781990638811 -0.07160443572535632 -0.0053605231589476405 -0.008516170086539213 0.9999493685374874 4.146881386574873
0.9999312698299329 0.009550545956389963 0.006800197661403044 -0.02323359185145696 -0.009631351961098196 0.9998821984841205 0.01195099217468205 -0.07947399626925368 -0.006685258087821552 -0.012015665878039468 0.9999054610800996 4.613469763757195
0.9999332469129528 0.008632648375865103 0.007679785162359766 -0.010130313547327163 -0.008738909151378454 0.9998650322455217 0.01391218025693342 -0.08098537677637428 -0.00755864967870183 -0.013978364520789746 0.9998737280978827 5.0713800079748
0.9999310998702925 0.008643879893613766 0.00794221962509459 0.005329061608610073 -0.008754522498939026 0.9998636219545575 0.014003422000548377 -0.09116577011732586 -0.007820092582833374 -0.014071987503355657 0.999870404262323 5.494021247499203
0.9998993403206003 0.009872650073071894 0.010190191703920404 -0.01149638166565548 -0.009989685624972893 0.9998839847139946 0.011498838792479775 -0.10013389488139743 -0.010075485474270724 -0.011599478134633858 0.9998819613831734 5.888146894016185
0.9998972409379441 0.009451645569212718 0.010778402512422992 -0.0046532734264379165 -0.00954444852211595 0.9999175423001478 0.008591397024856187 -0.10771933114349468 -0.010696310910520476 -0.008693388088886669 0.9999050024559539 6.264711901790163
0.9999013038371805 0.007412920395088755 0.011934454152628187 0.008433705875774907 -0.007500829480266112 0.9999449429783059 0.007338158435075506 -0.11572484253208469 -0.0118793998928013 -0.007426952492534759 0.9999018553012392 6.627907422942467
0.9998983170334075 0.0033512956133416004 0.013860895045789573 0.010179379644266712 -0.003425505784834014 0.9999799088326484 0.005333651766288607 -0.12611052928510827 -0.01384274192046016 -0.005380590000916622 0.999889707791497 6.95741997571365
0.9998802548278177 0.0016403000807148408 0.015387833541551687 0.016780276260966776 -0.0017053518361508627 0.9999896614101018 0.004215311141841993 -0.13397214241731667 -0.015380760077845139 -0.004241048048868017 0.9998727147646718 7.27560031599393
0.9998351998886955 0.006133413903015041 0.017086670167877415 0.023570500708011498 -0.006174587160704427 0.9999781570142775 0.0023579583801048355 -0.14202774194650652 -0.017071834609273678 -0.002463072922539168 0.9998512318014374 7.5779269079659874
0.9997127288945623 0.010759350045530343 0.021417191057282226 0.009895096661134428 -0.010798706412782692 0.9999402081628164 0.0017227997887993979 -0.15135065021259791 -0.02139737427809558 -0.001953582836613741 0.9997691412961812 7.846634071522756
0.9996300989808499 0.011613187246896929 0.024592663408098504 0.02747519918748379 -0.011679977297227738 0.9999284739005087 0.0025739489766282296 -0.15236521089393082 -0.024561012639379324 -0.002860238620563562 0.9996942411023292 8.10830803294488
0.9995390805277591 0.0072499421647473855 0.029479905636367557 0.018067001697990685 -0.007355220456907397 0.9999669490728851 0.0034643172335461518 -0.16141365262044557 -0.02945381519857152 -0.0036795516672795616 0.9995593697573828 8.331682176558452
0.9994874160115688 0.0021343534235854487 0.03194291423743321 0.03071387221528593 -0.002240404768873098 0.9999920959507078 0.0032846038696090966 -0.16500697724484145 -0.03193565125355038 -0.0033544852916465207 0.9994842978293556 8.540034622919485
0.999395871019897 -0.0017244415069131256 0.034711947365001 0.041779966816532066 0.0015591861294370808 0.9999873254111084 0.004787270177275319 -0.17153583594802332 -0.034719762772737084 -0.004730255661768467 0.9993858928133714 8.731507686077194
0.9993407757798284 -0.002157004152355946 0.036240325562240286 0.051219026152371214 0.0019416594854303562 0.9999802568663737 0.005976272743275376 -0.1770477731980604 -0.036252500909772944 -0.00590196666765376 0.9993252338289278 8.88844283425885
0.9992468787961087 -0.0017313243816578956 0.03876438742093355 0.050065973999078354 0.0015350209079992782 0.9999858513784804 0.005093206619159992 -0.1785382240739072 -0.03877265695108813 -0.005029866672082502 0.9992353984493417 9.034910549299603
0.9991975920320454 -0.0004564971792665332 0.04004951544885347 0.06542743441041815 0.00032158121054370474 0.9999942526039255 0.003375106611506523 -0.1779062447313923 -0.040050825995073557 -0.00335951922740916 0.9991919960486442 9.174617400022882
0.9990956128983753 0.002146720624052088 0.042465843660314834 0.06928726616359861 -0.0022642831396993326 0.9999937359410077 0.0027204963897740925 -0.18398057042552893 -0.042459737506057506 -0.002814190701742458 0.9990942152878334 9.295613816207522
0.9990142991132929 0.004383528052731119 0.044172557645981825 0.0773829399283813 -0.004487555408620216 0.9999873857705852 0.0022561352270230985 -0.19064206269854325 -0.04416211061114759 -0.0024521381525061453 0.9990213686427587 9.42503895852952
0.9989415672760386 0.0056577894765566655 0.045647941753503625 0.08030810011160713 -0.0057123843390902455 0.9999831163971655 0.0010656386689025783 -0.19723404739285824 -0.04564114189253831 -0.0013252693496479822 0.9989570210113632 9.536680774461255
0.9988912362780232 0.004800542331594322 0.04683217782984005 0.09463090556116739 -0.004750096036546765 0.9999880120716271 -0.0011884025733925946 -0.19555635695984744 -0.04683732138590745 0.0009646275734396565 0.9989020646785343 9.647158036955933
0.9988326037402196 0.003146033463929204 0.04820303080697085 0.10329969286339889 -0.003034548577902146 0.9999925496506463 -0.0023858244121326036 -0.20125742989657466 -0.04821017756099131 0.0022367647710514224 0.9988347088797512 9.750773331486169
0.9987807881071026 0.00236326585901512 0.04930874448447703 0.11118154507177484 -0.0022013340556624145 0.999992005624951 -0.003338085463344586 -0.20424873869853402 -0.04931623907529069 0.0032254706113724356 0.99877800581651 9.850031688019426
0.9987055275811954 0.0029844406723872397 0.05077757667159657 0.11603942787310072 -0.002752205546947656 0.9999854343984392 -0.004642882250198736 -0.2071081187540776 -0.050790693472271435 0.00449712183900586 0.9986991946285784 9.94371878741416
0.9986455073113321 0.003946830804366439 0.051880374454069844 0.12220424584300107 -0.003600942216789927 0.9999706753295432 -0.0067588235755424875 -0.20883238941469995 -0.05190552901227536 0.006562850567830768 0.9986304346705943 10.035765366940822
0.9986035279613767 0.004141696020952475 0.052667260201785505 0.1285868098332543 -0.0036798999293321303 0.9999539594046727 -0.008862133345027766 -0.2111390398931861 -0.05270153963218413 0.008655947376514098 0.9985727926873496 10.126129538323763
0.9985624701276964 0.0033169693250711414 0.05349757907579078 0.12970941562490834 -0.002711362244618795 0.9999314686323504 -0.011388878501688992 -0.21187785035965975 -0.05353168937416816 0.011227455332546056 0.998503030781331 10.234458570715306
0.998594712918335 0.0025062834985488053 0.05293692354655445 0.14180229596123714 -0.0017887968906966977 0.9999059612685274 -0.01359664757737124 -0.21000713178015498 -0.05296602247887538 0.013482846979933585 0.9985052895704077 10.334254364435782
0.9986944932911325 0.002412709329836227 0.051024385382467494 0.1521882484839734 -0.0016575446842506778 0.999888548615153 -0.014837213144644751 -0.21889210019064054 -0.05105449652663906 0.01473326786458555 0.9985871865803418 10.54353944350049
0.9988188407805129 0.0029666033828803272 0.04849868623212404 0.1566773805297151 -0.002211033201671658 0.9998754710393328 -0.01562541986798434 -0.2207404430255679 -0.04853900116457365 0.015499731553752127 0.9987010181669527 10.651196346116947
0.9990038413640648 0.004247280553993896 0.04442167880369718 0.15574905429779415 -0.003504903915163879 0.9998531200716183 -0.016776588794901088 -0.22578899511087938 -0.044486409030047566 0.016604182935134208 0.9988719940616357 10.833154003250405
0.999221516940132 0.004836858777817389 0.03915309542073244 0.15678175207078074 -0.004142971758447754 0.9998332654247374 -0.017784182160385333 -0.23105709753225115 -0.03923258682358669 0.017608127307255896 0.9990749511342288 11.0288147144437
0.999457192400314 0.004584652859038033 0.0326236343383657 0.1543233198971229 -0.003987571652527248 0.9998237886363879 -0.018343689625971375 -0.23419779685078937 -0.032701985132362645 0.01820364345234597 0.999299358317348 11.113499634162173
0.9996673211019245 0.005071533984606013 0.02528886442576403 0.15799679318693874 -0.00459788399761282 0.9998135807092804 -0.018752687594847307 -0.23606383801056371 -0.025379254986035302 0.018630173706341208 0.9995042821539217 11.209252528665543
0.9998429824768348 0.004872463800672993 0.017037296978654592 0.15603755195899102 -0.004540490131205613 0.9998001354361281 -0.01946980049375746 -0.24004237321450414 -0.017128757724837202 0.019389385715113346 0.9996652726690046 11.294761222858446
0.9999690648737081 0.0036520847767871423 0.006966460534931173 0.14991703335633388 -0.003507520413554575 0.999780571565529 -0.02065202219277413 -0.24245274030291483 -0.007040354831262917 0.020626948317322844 0.9997624529891916 11.387321670005296
0.9999775243507057 0.0024082616424046413 -0.006257081531750385 0.15396356624146362 -0.002548897859459395 0.9997420962908687 -0.022566435776160666 -0.23932756461813615 0.006201121925528862 0.022581877242587024 0.9997257648510747 11.495515553971783
0.9997167492906142 0.0017677797365399932 -0.023733860676468894 0.15476980477161242 -0.0023633002563159156 0.999682477089472 -0.025087044707452107 -0.23716220833505458 0.023681976262664734 0.025136029023262358 0.9994034941129818 11.599471280362598
0.9990533675266238 0.0019191659408787725 -0.0434590109851122 0.14473057347952836 -0.0030535154766899975 0.9996559704048329 -0.02605027595254253 -0.24248004826364353 0.043394064996797446 0.026158318678030073 0.9987155238039473 11.703258191791013
0.9978660215271131 0.0026060525550817247 -0.06524271278642009 0.1250304168839058 -0.004292421088681444 0.9996599499591247 -0.025720800316401577 -0.2440398812699104 0.06515349724188638 0.025945961878468128 0.9975378834206516 11.828560011674748
0.9959682532972691 0.003394508440265228 -0.08964215379181434 0.10402707271825913 -0.005614014602703984 0.9996835979661037 -0.02451911086447428 -0.2451920733786758 0.08953056050325389 0.024923508380497603 0.9956721837361842 11.962776169154557
0.9932428639322979 0.004467233165707079 -0.11596834514387634 0.07148065061646729 -0.007168744526769817 0.9997123185233316 -0.022888628063142156 -0.24722643430878566 0.1158327343606968 0.023565313928445124 0.9929891508118199 12.108437827862042
0.9892261563716627 0.005300752863291532 -0.14629939702277714 0.03669593659577379 -0.008404344236654227 0.9997523898684997 -0.020604027523122896 -0.2504751130139255 0.14615395495195274 0.02161159344666911 0.9890257633047786 12.260998059304418
0.983691441797347 0.005232052149534569 -0.17978813354879827 -0.003893399791285418 -0.008427505087117555 0.9998197304133768 -0.01701422446446515 -0.2515962953340229 0.17966670390660125 0.0182519124045992 0.9835582052938779 12.42730209647481
0.9762745574060419 0.005884478967735125 -0.2164563731307399 -0.059721841302681176 -0.008941768732748524 0.9998735844340056 -0.01314762043193427 -0.24905551817469843 0.21635164277990954 0.014771190147393342 0.9762037587553459 12.593646775623943
0.9668005469328614 0.007774052006120659 -0.25541391223996485 -0.13607193297364337 -0.010061955683810726 0.9999200973966795 -0.007652180736966942 -0.2519011791219765 0.2553340155524426 0.00996809598771544 0.9668015192190413 12.7621306957449
0.9549964887179818 0.011685839164159797 -0.2963868210621953 -0.22849981323644863 -0.013109072020634405 0.9999101099615807 -0.0028150004222157435 -0.25045230554978803 0.29632728319728163 0.006573671702226342 0.9550638345541471 12.937692127184269
0.9407567367175589 0.015034666886350856 -0.33874875809683025 -0.3146957369949599 -0.015424736343736953 0.9998798445412411 0.0015407754246033922 -0.2494838300495016 0.3387312206296524 0.0037756154199468915 0.9408756054330183 13.117212037106984
0.9240098525953031 0.01731011278729519 -0.3819766384245194 -0.4141565519790679 -0.015814315919991426 0.9998500543206527 0.007055231177649046 -0.24867641282414027 0.3820414895254014 -0.00047840388638414 0.9241450489024634 13.303142915620775
0.9050520936635306 0.02057833592682342 -0.42480258926440295 -0.5326764086818117 -0.015607903737901326 0.9997629884947216 0.015177620927232766 -0.2546241450953236 0.42501423634528585 -0.007106259676173923 0.9051587705906906 13.484069907034742
0.8828886820191485 0.024453937000080982 -0.4689451781687123 -0.6586756988203553 -0.016124612771758987 0.9996329745094253 0.021769546076999026 -0.24957948587186016 0.46930541444292984 -0.01165852643492424 0.8829589496323814 13.683971429479618
0.8585224471300029 0.030226650699611862 -0.5118843202925761 -0.8033053011693027 -0.01933085539121984 0.999459325771553 0.026596506502091766 -0.2529280587766974 0.5124114809445166 -0.012938536074677398 0.8586425731819344 13.860152582431786
0.8309672267277266 0.033396065367261765 -0.5553180808531396 -0.9661408221820355 -0.02013712024496475 0.9993480365368604 0.02996661906456039 -0.2504006793760098 0.5559568009231187 -0.013718771370142354 0.8310979670408462 14.038835193692444
0.8002063337625384 0.03716204884120485 -0.5985723060184448 -1.140495609967273 -0.022837153791788693 0.9992425867317196 0.03150741608559638 -0.24159585957381355 0.5992898195472749 -0.011542746104138456 0.8004489222925919 14.229630406087338
0.767041824408711 0.03949067003280172 -0.6403806107215568 -1.3267037593708026 -0.022881017705925343 0.9991527569751918 0.03420858456021566 -0.2359739301538646 0.6411889726410581 -0.011586855019057617 0.7672955402934867 14.400371233926585
0.7304287929230356 0.043649027352451394 -0.6815926502539315 -1.5296498230801499 -0.024635667007166552 0.9989901191291181 0.037574270365528795 -0.22228638596143885 0.6825444032296416 -0.010653839381869486 0.7307664697605668 14.575925939604614
0.6904768279477079 0.04387802655051292 -0.7220224850053495 -1.7436422798682834 -0.021469098384225758 0.9989619119434537 0.040176812975229334 -0.20612353935695554 0.7230358413535524 -0.012239986613982297 0.6907020738682157 14.776582865398884
0.6501453185576304 0.044137182477551405 -0.7585268445352061 -1.9784336695823452 -0.019034204930132248 0.9989441672969586 0.04181207560098304 -0.19895864709032635 0.7595714342971795 -0.012745969807267797 0.6502989900448879 14.945873807205933
0.608342242482447 0.04301107101656915 -0.7925085259992044 -2.2351442923679667 -0.013257400807694416 0.9989418863034054 0.044038041650565955 -0.19261818580751328 0.7935640852100425 -0.016283597839554784 0.6082687622310975 15.109901593667214
0.5645402133984302 0.043135776108477276 -0.8242776548442705 -2.5042034857673006 -0.008307009367941659 0.9988798537469623 0.04658359554399541 -0.1838349827854867 0.8253637628654505 -0.019451030768697457 0.5642661750899329 15.259677021563284
0.519217250636429 0.04475709955509807 -0.8534695358833605 -2.798065857878406 -0.006654202362514631 0.9988092208762565 0.048330755047716306 -0.17064595228858961 0.8546163865925265 -0.019415002755048965 0.5188968003712859 15.402169710680615
0.4702291894532192 0.04460066112931504 -0.8814166383799392 -3.1065745414423764 -0.00539920334687002 0.998848908187741 0.04766242980980485 -0.15670997075306814 0.8825278227848619 -0.017653318072909017 0.46992872052219975 15.538768410119618
0.41836169183061456 0.04349020648816287 -0.9072387209264376 -3.4306584687835957 -0.0004122219146109278 0.9988619921219067 0.047692250600560225 -0.14000708449711036 0.9082804219412196 -0.019578626965912487 0.4179035205456074 15.666151157736467
0.3653614996646928 0.04276266144522891 -0.9298829654041862 -3.775540100502526 0.005676710777672756 0.9988233350075694 0.048163475778859564 -0.12843331814394576 0.9308484030804988 -0.022875756391314454 0.3646888403173502 15.779390632135794
0.31171415180957246 0.041645445098383006 -0.949262842664871 -4.127461212035831 0.008493438285260857 0.9988770020357809 0.046611117880844426 -0.11026068729418673 0.9501379631757351 -0.022591850445790616 0.31101038443386947 15.86966368702959
0.2581178982276269 0.04765841666446619 -0.9649372134681012 -4.503401627547623 0.009256758845690178 0.9986146849755537 0.05179790890417722 -0.09099941071626111 0.9660690777735446 -0.02230215846524051 0.25731916115510567 15.943828008302571
0.20699877770591316 0.05290080042962714 -0.9769099300048895 -4.909275965982046 0.011985969855928187 0.9983249755970209 0.05660017337268022 -0.06962381700202297 0.9782677765084941 -0.023425379679084972 0.2060179823025671 16.006204750373577
0.15854555431685724 0.05397906599495043 -0.985875026380458 -5.32885317279103 0.017423778443893263 0.9981959994150807 0.05745571073847844 -0.049904581182838734 0.9871979128579539 -0.026287015540722613 0.1573190187576309 16.058760988437616
0.1142943644603316 0.0557437673667374 -0.9918817624356078 -5.760668198933313 0.019957207988981145 0.9980941926614161 0.05839257165803035 -0.03848140723817143 0.9932464488242059 -0.02646913250026436 0.11296405146235884 16.09160445651017
0.07406527743675592 0.05351278238501955 -0.995816608015565 -6.209885782255349 0.019740211543715906 0.9982849351582034 0.05511363065874264 -0.014066865213342827 0.9970580016861746 -0.023739636846260324 0.07288189703885485 16.10706332886262
0.03905227557819932 0.04923475621188449 -0.9980234759528036 -6.644684294955945 0.017460281848006683 0.9985992680427876 0.04994637546603513 0.005819387616496283 0.9990846101957306 -0.01937629079989586 0.03813792108761922 16.10017250436677
0.010546199038587748 0.0490930634385748 -0.9987385287491667 -7.112984023534742 0.015165228539005279 0.9986713490019493 0.049249898740847696 0.03179050371106591 0.9998293822093854 -0.01566549727394309 0.009787679293985031 16.090260283960884
-0.010010306710207383 0.053173284244019375 -0.9985351248715628 -7.607100043756284 0.013862469029146035 0.9984965755174066 0.05303226029904327 0.05752976979629366 0.9998538021690906 -0.013311293051917368 -0.010732369976030392 16.072637314607235
-0.022886049052387454 0.05922592240080408 -0.9979822237267258 -8.123673728246562 0.014730473953593117 0.99815529495933 0.05889838946654765 0.0807539032300173 0.9996295523322013 -0.01335279972231717 -0.023716256949640857 16.04675645276958
-0.03145286504679304 0.06173575061458818 -0.9975968195500611 -8.678770564347563 0.014526693364722454 0.9980134531964776 0.06130352696808885 0.10728331965505461 0.9993996660296812 -0.01256361153860621 -0.032287198777090645 16.036098893973474
-0.035653132982783255 0.05910030540856375 -0.9976151602743024 -9.209458118832451 0.015657985053119546 0.9981603227404988 0.058573010940679654 0.12588637204286912 0.9992415531855104 -0.013532331920070195 -0.036512934423525836 16.011667729313483
-0.03508096301157247 0.05485349499250678 -0.9978779585306428 -9.773201533042956 0.02346918458198734 0.9982624118286817 0.05404955601147839 0.15616312764453308 0.9991088646435086 -0.021523271523822194 -0.03630737354415023 15.99748754600113
-0.030682132359283517 0.05293585746315834 -0.998126445771538 -10.366304029654795 0.035681058854418586 0.9980181223015548 0.05183328657054472 0.18867720122671083 0.9988921206981852 -0.03402385269655231 -0.032510131571070716 15.988823203384205
-0.025489183919750004 0.05302378945222203 -0.9982678895242635 -10.988153612049164 0.035983184846114465 0.997993884837233 0.05209046204264559 0.21803100263882846 0.9990272828664082 -0.034593114627223094 -0.027346014498501506 15.993991452466258
-0.02086999504077565 0.05168049257833372 -0.9984455768813112 -11.611511577164174 0.0341247157903258 0.9981180171538476 0.05095024636936995 0.23989167931022176 0.9991996532621645 -0.03300834015412806 -0.022594300189247886 15.984562617489726
-0.01764817980241294 0.04516551041036615 -0.9988236172713519 -12.234335968809193 0.037606002347150114 0.9983023301683792 0.044477479333343735 0.2645471405212015 0.999136792605062 -0.03677681674306278 -0.019316713310480408 15.97621188965975
-0.015830474592584718 0.034152902307524845 -0.9992912364962188 -12.828695378691274 0.035812667953381054 0.998794574623688 0.03356859419672182 0.28243858986943976 0.9992331303996266 -0.035255878463822984 -0.017034498686773973 15.969180225052643
-0.01467333523702307 0.025491755268585225 -0.9995673382250664 -13.416800319477675 0.027727433328886466 0.9993008990554701 0.025077930295737693 0.30280570122966344 0.9995078202165391 -0.027347459850087824 -0.015369898039144016 15.94584235925561
-0.017085780662149167 0.022512972177103407 -0.9996005413078335 -14.16889937134525 0.021997223705874952 0.999512963142464 0.022135009812538475 0.32086748366522094 0.9996120238614594 -0.021610242801051643 -0.017572682142489377 15.932144610535913
-0.02139485793950823 0.029296344423617126 -0.9993417754988315 -14.794405075344597 0.013118309226725527 0.9994927484200524 0.02901992106737977 0.3298637888154186 0.9996850354070449 -0.012488797345527507 -0.021768323869375945 15.91526352248443
-0.026073743986673045 0.03763556405794183 -0.9989513122232504 -15.453812602227536 0.007687724877060994 0.9992690480149357 0.03744687657914821 0.35056402336842873 0.9996304611008693 -0.00670328258092745 -0.026344017193817047 15.888426572360334
-0.03073844460721326 0.0477294138780187 -0.9983872250154174 -16.13794719239504 0.006273276712930099 0.9988487626586536 0.04755833612054123 0.3717172432815098 0.9995077758689107 -0.00480129004872514 -0.03100247718256801 15.865238130094376
-0.0318222056148595 0.058097214960168495 -0.9978036183757171 -16.84760651611528 0.004832993692285143 0.9983064898563472 0.057972359643744156 0.3975939326542357 0.9994818604666024 -0.0029775702451889205 -0.032049097860297866 15.826730043954274
-0.03220734648167442 0.06625212303777707 -0.9972829804150838 -17.577538000158032 0.006552042957813036 0.9977931859627746 0.0660744184940686 0.4268009490261906 0.999459732838544 -0.0044061592387633665 -0.03257035761354542 15.795560467128917
-0.033740677057404404 0.06674181982680132 -0.9971996270546388 -18.321230411955753 0.007425877786241908 0.9977569342718814 0.066527862219336 0.4693786613383628 0.9994030333408127 -0.005160387444533269 -0.03416061109831734 15.77490482992534
-0.03682526878996135 0.0642275061962733 -0.9972555976410216 -19.034790544846125 0.00664491923592944 0.9979261514039474 0.064025318370542 0.5014913836560769 0.999299627052317 -0.004268933345546219 -0.03717568534938014 15.755833656101277
-0.039918476670146724 0.05962632078117139 -0.9974222862411044 -19.764050651012962 0.006930551161444314 0.9982104362109904 0.0593960646849449 0.5318930507805054 0.9991789042413467 -0.0045416857619352356 -0.040260283276526955 15.725809626239931
-0.04304865806649327 0.05426275333672715 -0.9975982992362143 -20.481254756320897 0.0066116376414541425 0.9985175617548975 0.05402744779043547 0.560635042133072 0.9990510994370496 -0.004269949340146067 -0.04334360675186415 15.67826861507656
-0.048174161874362666 0.049418172568704274 -0.9976157047418951 -21.188165462069886 0.006230192785324617 0.9987707692247894 0.04917453853342626 0.5891586772535005 0.9988195206470314 -0.0038463959868042306 -0.048422829454217185 15.631447042154587
-0.05516999449459277 0.047704003489524076 -0.9973367534381421 -21.899237457380014 0.005469462982041675 0.9988574906344482 0.047474186439970624 0.6119807486337655 0.9984619956123315 -0.002835745849033011 -0.05536787754036544 15.589619601388932
-0.06178014896143148 0.05012696074651158 -0.9968302267691407 -22.62037750039447 0.005197958683768257 0.9987406488622341 0.049900877104127224 0.638017895913586 0.9980762467967214 -0.0020985987126803775 -0.06196290393144792 15.542233456490967
-0.06853491388917488 0.05549058996134542 -0.9961042917305098 -23.33028229060773 0.003678439093549729 0.9984592016576181 0.055368688905032375 0.6588251000538293 0.9976419371017055 0.0001305793583065993 -0.06863343416289629 15.487872975123041
-0.0741234311023921 0.058500320530525916 -0.995531732020346 -24.08416501650749 0.0004996812589746971 0.9982799734175152 0.05862461080604309 0.6917105400398909 0.9972489495007018 0.0038480087507789217 -0.07402516834432334 15.412250810491365
-0.0785297350617304 0.06067198168442852 -0.9950638127022878 -24.834715035625884 -0.002493659756618249 0.9981312387539808 0.06105580958810107 0.7281449308786266 0.9969086529728574 0.007276047135933903 -0.07823168645710539 15.342460375656996
-0.08192933810962302 0.06222892364085207 -0.9946934928003777 -25.58828666136192 -0.006841920727502042 0.9979901555713214 0.0629987103319178 0.7610053042821938 0.9966146555603537 0.01196705666515447 -0.08133890752336884 15.279372284749279
-0.08413584318827613 0.06372571012541 -0.9944144979635026 -26.33819515653751 -0.010458873912866231 0.9978414968188857 0.06483023355439103 0.7935418228632691 0.9963994037771587 0.015855002215516244 -0.08328773653589824 15.212971589207658
-0.08668735458644115 0.06374633758807809 -0.994193998673753 -27.090860001993775 -0.01142915495299186 0.9978214081473973 0.06497547121646714 0.8228521679380469 0.996170004051452 0.016995348976938145 -0.08576993145203489 15.154564948552993
-0.08815728679641295 0.06274304814305923 -0.9941285644696101 -27.851649293595063 -0.011683518923472351 0.9978804827768165 0.06401591582308895 0.8611730620807715 0.9960380455435749 0.017258389346094284 -0.08723737631840238 15.083297850873244
-0.08845003014991128 0.0622513133017064 -0.994133475021683 -28.604568951749094 -0.01281668885066219 0.9978914483021974 0.06362695884799484 0.8921764750125376 0.9959981549447717 0.018369305853830942 -0.08746567297553429 15.002916091153766
-0.08802019494719301 0.06121969953396572 -0.994235683160901 -29.37288343677383 -0.016088592623315686 0.9978920905057589 0.06286917283887106 0.9298734994995743 0.995988756196004 0.021529609727384092 -0.08684971753625442 14.911869755549462
-0.08804324093668396 0.05838562935077866 -0.9944040959341798 -30.142544935961947 -0.021241459169227473 0.9979437248529749 0.060474146863999594 0.9679865932769891 0.9958901486297226 0.0264469338842843 -0.08662200384655745 14.822105730969056
-0.08929366739045842 0.053267793705549134 -0.9945799028321958 -30.883625899616238 -0.026685327609089232 0.9980824299112855 0.05585119866910596 0.9969703740540743 0.9956477962886081 0.031527848897809185 -0.08770097199871224 14.758340612725595
-0.08828451033201402 0.052667993062225124 -0.9947019290934489 -31.638341504415095 -0.02873788224661903 0.9980508126041407 0.055395934726221084 1.029795178025163 0.9956806613364638 0.03347622988045925 -0.08659886069443666 14.682909168024436
-0.08661205033351715 0.056775477227946375 -0.9946229928583784 -32.419488178446834 -0.030198417695488516 0.997766371221715 0.05958459555738808 1.0631179624444167 0.9957843181661957 0.035196784577391095 -0.08470406158915507 14.60800726265118
-0.08509986536168944 0.06009965156409951 -0.9945582158915038 -33.19722669654792 -0.029899054701759586 0.997575631772696 0.06284031684552178 1.0987495724479144 0.9959237216992902 0.03508405300386248 -0.08309662918228637 14.54483743393264
-0.08348103061057842 0.05973746937314026 -0.994717222270271 -33.980124431273246 -0.027698295768494384 0.9976768091769377 0.06223976897485595 1.1384998528341201 0.9961243506408816 0.03274781188744053 -0.0816324621512049 14.474251891246748
-0.0807985221965807 0.058885461514283276 -0.9949894980516596 -34.770810529940384 -0.02751894494122296 0.9977409999930013 0.06128298787009545 1.1765912270376016 0.9963504937923058 0.032332636069671614 -0.07899553256112243 14.412718893921257
-0.07734907803018269 0.05933161970199731 -0.9952370968927017 -35.56072708947791 -0.0317134124092305 0.9975761701412486 0.0619358074112143 1.2148137326407802 0.9964995632719785 0.0363530420990343 -0.0752799889007885 14.350599499691555
-0.07138787040032313 0.060122689338051316 -0.9956349904389968 -36.360085865714254 -0.03715778735513393 0.9973285552360022 0.06288920217125614 1.252869774031387 0.9967562745218003 0.041485119472242905 -0.06896313554208647 14.280194546099873
-0.06523136412347666 0.06002848368324944 -0.9960629750579402 -37.158290504486196 -0.04058256581079111 0.9972035263278718 0.06275493949856538 1.285765897187639 0.9970445950341462 0.04451638154595755 -0.06261283644151017 14.215970607740523
-0.059750654113548206 0.05889551253064429 -0.9964743739488489 -37.960680273829695 -0.04172898796536235 0.99723792258085 0.06144279721835149 1.3256800469224403 0.9973407396152988 0.04525311448266476 -0.0571279680474359 14.169037310563342
-0.053892816599705226 0.05840771670523925 -0.9968370493456921 -38.76522652017814 -0.040924596526648274 0.9973198740473049 0.0606485468036849 1.3581142624615266 0.9977077436394296 0.04406367505721486 -0.051358064823067096 14.116943316250211
-0.048665442793504446 0.05808068272608647 -0.9971250217358797 -39.57576311676764 -0.03902811433490057 0.9974349015126054 0.060003529362873044 1.3930435595538704 0.9980523438022548 0.041836007680113536 -0.0462738316137229 14.077332599033468
-0.04402672147951922 0.0587973231119119 -0.997298612548234 -40.40324605962648 -0.038359874711126146 0.9974309221790452 0.06049855777790263 1.4261864273661995 0.9982936280513423 0.04091980298012887 -0.04165815545791352 14.054987197851037
-0.03783626994222566 0.06057104793635645 -0.9974465222901652 -41.22100450991184 -0.03715768915970167 0.9973856701123763 0.06197686012374088 1.4623325052001042 0.9985928714011377 0.039407781038495154 -0.035486673279582236 14.012143794975165
-0.03238954117841521 0.06232347263057271 -0.9975303014853796 -42.04273983438366 -0.037178865951461505 0.9972880776280175 0.06351552682279923 1.494726218229579 0.9987835849416098 0.03914428413293861 -0.029984587222512855 13.982782786708317
-0.02782888908692783 0.06160720989703263 -0.997712435835539 -42.87339383399398 -0.037198348453062906 0.9973438556387044 0.06262201283964679 1.5260018577074548 0.9989203350640884 0.038855955893875846 -0.025463285079126933 13.970468703819488
-0.02320715208150832 0.0564497552886775 -0.9981356887818954 -43.69757604180624 -0.03709195699372846 0.9976685473807462 0.05728574249818627 1.5685993155705973 0.9990423488614684 0.03835224498045768 -0.021059213810527593 13.950457385244192
-0.017926909563561574 0.050427013581547754 -0.9985668441395102 -44.52887585658364 -0.037091781581421596 0.9980063156624701 0.05106460258280025 1.6099146181198796 0.9991510524703532 0.03795405378967095 -0.016020741191173596 13.916778355313118
-0.013974070990153567 0.0502632616083649 -0.9986382377379939 -45.34229442314925 -0.03666142272014347 0.9980384638196773 0.05074608182504622 1.6344334387118589 0.9992300362899902 0.03732062792810466 -0.012103937663201923 13.888171054603887
-0.010819165522701969 0.05315694148020781 -0.9985275585730504 -46.191871058886704 -0.03636189202885507 0.9979046355202946 0.05351776541663824 1.6606008834770654 0.9992801201192145 0.03688736883511477 -0.00886360846087753 13.87920399141334
-0.008444285019380935 0.052954367128874226 -0.9985612294959614 -47.0211122173577 -0.03624463572702093 0.9979244471883791 0.053227099158080854 1.692314826375135 0.9993072702785287 0.036641952810250435 -0.006507446713125213 13.86400529131224
-0.0076700105211915245 0.05262893608864449 -0.998584681449088 -47.86267474017184 -0.0375517443916447 0.9978945170342438 0.05288099248443263 1.7285135088537316 0.9992652487862002 0.037904194479912175 -0.005677553089086362 13.852475127657838
-0.006548398496056365 0.05379043734868904 -0.998530774351481 -48.70781600174964 -0.03821738238284103 0.9978091973836991 0.05400219718030818 1.7576440213144222 0.999247992322696 0.03851486033122189 -0.004478322534802823 13.835378597489626
-0.006211397840690302 0.053348537654115145 -0.9985566343813588 -49.56683802364277 -0.038589903503235386 0.9978192741546046 0.05354918741855925 1.7900867566651366 0.999235826962021 0.038866819470392125 -0.004139137564771353 13.833419145888849
-0.006290248593901256 0.05186167253307914 -0.9986344675078528 -50.40611380885603 -0.03843828818674034 0.9979036260189812 0.05206583504988058 1.8139056661532522 0.9992411774811416 0.03871330650098907 -0.004283587965741313 13.833018845717708
-0.00523388145463603 0.05012021574812152 -0.9987294781162087 -51.24899024168877 -0.037123156691592135 0.9980449647463853 0.05028040952138559 1.847207505506192 0.9992969917507841 0.0373391526115427 -0.003363028409244373 13.822093624592332
-0.005640451667355194 0.04986158714366673 -0.9987402101810545 -52.09448860802079 -0.03394838446750218 0.9981708360064219 0.05002488718915134 1.8775340512568555 0.9994076708215881 0.034187779596732276 -0.0039374140257440625 13.823748584431367
-0.005125262696837346 0.05070002935235772 -0.9987007753606445 -52.93596567336259 -0.03104313727141948 0.9982244787844319 0.05083516090165363 1.9032775725521367 0.9995049050958345 0.03126334881644678 -0.003542274713332896 13.818230048023906
-0.004780231509987509 0.05364870623635945 -0.9985484293242216 -53.79156591772258 -0.03038666342219529 0.998090918527847 0.053769592134445654 1.932239123345953 0.9995267880716224 0.030599586131233425 -0.003140900479138104 13.807569613983036
-0.003562924655324287 0.056911241520675955 -0.9983728843255257 -54.63780205654178 -0.03237725986690629 0.9978492182222368 0.05699693620521347 1.9725429702396864 0.9994693685208207 0.03252765410916007 -0.001712631525836256 13.782745751062007
-0.003626966358181621 0.05644597002615988 -0.9983990672986609 -55.49202821477654 -0.03459300971368859 0.9978009811577899 0.056537825210208836 2.0075361697853125 0.9993949013247878 0.03474268942319856 -0.001666354601405771 13.780163952833467
-0.00305717375004164 0.05398288406169492 -0.998537181038862 -56.34045546670819 -0.035635102598597666 0.9979017545201343 0.05405763395140707 2.0464051624583415 0.9993601918985202 0.03574823847433569 -0.0011270734369321386 13.764335377986935
-0.002993862554158711 0.05233709222576688 -0.9986249874524231 -57.178633763058116 -0.034851619695798156 0.9980173269131186 0.052409729876922 2.071767183803714 0.9993880134320121 0.034960605809160876 -0.0011638942692098093 13.758279734328926
-0.0024217898315557736 0.05192587201039174 -0.998648005430325 -58.002599404148185 -0.032574680949622806 0.9981168547015715 0.051977250039540485 2.0942059005327476 0.9994663701671199 0.03265651813348341 -0.0007257605356506522 13.745149477210687
-0.0019541785742544894 0.05336290994479886 -0.9985732727388198 -58.846434918440636 -0.032068569238474585 0.9980582373137344 0.053398144136287816 2.12520023509886 0.9994837607750775 0.03212716564568604 -0.00023911185088487118 13.735781640367266
-0.0015749337076689112 0.0566431932129139 -0.9983932432896646 -59.69145600344481 -0.030930294378558904 0.9979140332009686 0.056664797098665426 2.1546046151646814 0.9995203031822152 0.030969840219497245 0.00018034219237351003 13.728528179601081
-0.0012955286517743645 0.05895073557513428 -0.9982600524816456 -60.543459241386195 -0.03061777009860537 0.9977905326065916 0.05896274412579863 2.1916982387991073 0.9995303265832891 0.03064088470990184 0.0005122738455226108 13.726264150063257
-0.0022035325318291053 0.059208657782813166 -0.998243196464636 -61.375994285028874 -0.031854885937417636 0.9977348561410063 0.05924882347524725 2.2242635627258265 0.9994900753315614 0.03192947987117962 -0.00031245617346691316 13.727319789290599
-0.0016448335585536058 0.057561028677291515 -0.9983406345031598 -62.192147094519456 -0.031336671268498296 0.9978487169568496 0.057584295614171346 2.25101991881733 0.9995075325160737 0.03137938885927652 0.0001624759775271466 13.71866766610495
-0.0015715764563246765 0.0568613887590446 -0.9983808454772305 -62.98971901540409 -0.03015261953386402 0.9979254248322412 0.056882914909823105 2.2762306076513728 0.9995440709056723 0.030193193633407066 0.00014620371858505428 13.715240250451354
-0.00126112855758058 0.05845422058409436 -0.9982892935670814 -63.80908308172418 -0.029382526411657204 0.9978568993455094 0.058466020646483374 2.3030616915888054 0.9995674447962105 0.029405994702990716 0.000459106848042166 13.709491416345067
6.293630818203819e-05 0.06148798325687014 -0.9981078218078543 -64.65163333739648 -0.027663147857080128 0.9977259568633219 0.06146271432182956 2.33436271653017 0.9996172999151498 0.027606936015644706 0.0017637443605714206 13.696380351249292
0.0005494456630012053 0.06433994222458349 -0.9979278881482352 -65.48526459855198 -0.026429505342796793 0.99758037638282 0.06430298518146324 2.366487942463878 0.9996505286132722 0.02633940945520986 0.002248589058079094 13.692523380235656
0.0013297526065243503 0.06653314778271126 -0.9977833291873165 -66.314502489463 -0.026419489194969396 0.9974382659483786 0.06647492920319642 2.398359963671778 0.9996500599453182 0.026272530674004382 0.003084117912945193 13.687969992706448
0.0015073438513281297 0.06887451904014248 -0.9976241920390155 -67.15587313174524 -0.02873290657416754 0.9972164126874804 0.06880295303629577 2.432878452678381 0.9995859882943086 0.028560932997769403 0.003482113149029643 13.68374597687694
0.0018497907848818163 0.06839816612695647 -0.997656388314392 -67.98108707889945 -0.03168483052651172 0.9971611878665888 0.06830546776797743 2.4655726756892493 0.9994961979860421 0.03148422276259383 0.004011723878414747 13.677044113964918
0.001692021459071552 0.06404068373508717 -0.9979458541875508 -68.80095863925068 -0.03396651938589189 0.9973751174073447 0.06394646774838635 2.504571072121752 0.99942153900353 0.033788548406664426 0.003862819226971374 13.675082815351157
0.0016520892656191393 0.06259036451090622 -0.9980379335834115 -69.61078543046372 -0.03478507978438364 0.9974388934907391 0.06249521562780745 2.538974188630026 0.9993934504615521 0.03461358147264375 0.003825068912293168 13.67165219386883
0.002088246853207573 0.06122319203465035 -0.998121916392063 -70.41780182639815 -0.034634800876833356 0.9975296789116951 0.06111440303688555 2.572403960200646 0.9993978536065088 0.034442131865209745 0.004203541278133317 13.666788369343926
0.002129580662597111 0.06124452199828303 -0.9981205204840742 -71.24060626849507 -0.03342799175934808 0.9975693187643574 0.06113937869290732 2.6158173541779317 0.9994388596873413 0.033234963294984696 0.004171685707505127 13.663882370285124
0.001415444112616403 0.06290571459105697 -0.9980184705654243 -72.06727592160236 -0.03283830901690133 0.9974841385981187 0.06282546224327112 2.6596735315024427 0.9994596750138889 0.0326843130103426 0.003477600346077624 13.669845133509499
