1.0 0.0 0.0 0.0 0.0 1.0 0.0 0.0 0.0 0.0 1.0 0.0
0.9999178108753903 -0.0024644128256322622 0.012581659810692529 0.0027894311442205736 0.0024439885947058967 0.9999956711897782 0.0016384509312793935 -0.008797331199573977 -0.012585643166564138 -0.001607566835351841 0.9999195054177882 0.1973481522063252
0.9997987191025016 -0.0045361297052584175 0.019543408308024472 0.00804343328652524 0.0045007880789519955 0.9999881564849242 0.0018519709908954255 -0.014131050704843535 -0.01955157762599861 -0.001763637485377393 0.9998072941298013 0.39258434779393075
0.9997571487685745 -0.007053346092100329 0.020878069715262296 0.017400622044141677 0.007048636523517384 0.9999751133046874 0.0002991562080377787 -0.015508808654288317 -0.02087966018137346 -0.0001519216328487313 0.9997819845899045 0.5907047418932501
0.9997897177287808 -0.00860150929630683 0.018615433425793675 0.02121230191113765 0.008625353117541656 0.9999620797805217 -0.0012009515438325682 -0.019004981708628684 -0.018604397528603794 0.001361263691747863 0.9998259965382771 0.7918238697161687
0.9998637894184234 -0.011437378419648933 0.011899116972125163 0.02516008606151798 0.011469208009303847 0.9999308197724984 -0.002610160289704648 -0.020241266601101898 -0.01186844039753667 0.0027462782059339244 0.9999257962861773 1.002161424593083
0.9999198363581149 -0.012661433467787656 -9.465781288472966e-05 0.019103882980419817 0.012660860661671021 0.999909161317703 -0.004622955789632664 -0.02481744594859272 0.00015318246144870203 0.004621386747280832 0.9999893096026904 1.2078315321267266
0.9997882166335422 -0.012006799273144958 -0.016714025605332257 0.00819694407465502 0.011925990162836145 0.9999167485971843 -0.004926117484485277 -0.026763628858143474 0.016771781043086065 0.004725742909790262 0.9998481758320076 1.4344893775107326
0.9993546673655048 -0.007051747444633069 -0.03522104019984381 -0.02027509572927891 0.006894294989370502 0.9999657003457837 -0.00458986149739773 -0.036419530986220035 0.03525219867442936 0.004344075269015482 0.9993690066730486 1.6530930437727205
0.9984511455154027 -0.0032077396757148324 -0.05554296017636472 -0.04317035651825506 0.002910612854361511 0.9999810239027945 -0.005429564174970447 -0.0442338920943229 0.05555932281617929 0.005259490516290081 0.998441535297744 1.891929524265045
0.9970371338470364 -0.003182526793999897 -0.07685587325177182 -0.06467184899568419 0.0027290661860465515 0.9999782491528169 -0.006004449934737956 -0.047086552928268216 0.07687331089421819 0.005776914788368735 0.9970241327709617 2.1420901028679515
0.9952183107150564 -0.0047644638797195 -0.09755928403493104 -0.10240250359530048 0.004332350011188005 0.9999798475753567 -0.0046406019594882235 -0.05671484464107386 0.09757942795922747 0.004195751077542671 0.9952188959781887 2.4042539461747006
0.9930901769889019 -0.006558373355458041 -0.11717033800020278 -0.14513935601032546 0.00619597387350665 0.9999748295185878 -0.003456911487127888 -0.06668209192040694 0.11719006048257748 0.0027070404875876647 0.9931058159410245 2.6722091748939376
0.9909085448282549 -0.005295101184429694 -0.1344329486762738 -0.19926968397762673 0.005009531757378781 0.9999844204094401 -0.002462423596338002 -0.07186118654540914 0.13444389304807727 0.0017665904569662727 0.9909196328563857 2.9572207625428626
0.9886512486552568 -0.0039058690284555085 -0.1501780700353235 -0.2559226044057742 0.003654241963200285 0.9999914191471717 -0.0019514475907990998 -0.07552264696178128 0.1501844034781121 0.001380514091853367 0.9886570381749 3.2483261435705013
0.9864939452513843 -0.003186033123566748 -0.16376674013759443 -0.3127269557528449 0.0028449068085941377 0.9999932678422221 -0.002317493362127492 -0.07720322163306982 0.1637730212446765 0.0018202920558604186 0.986496367985824 3.552749030731968
0.9844101548732536 -0.004957624364083779 -0.17581828387025542 -0.3759711167481357 0.0044979771361062055 0.999985345648315 -0.0030127546036836637 -0.08613015279371666 0.17583064347291721 0.0021749596050495913 0.9844180282616815 3.8546816296382396
0.9826426447846313 -0.008846516243576616 -0.1852975223822951 -0.4392997678509024 0.007930897426902441 0.9999524068407224 -0.005681982000062167 -0.08557377354559412 0.18533896923385795 0.004113782176686642 0.9826660385296391 4.178917096799706
0.9811717894945194 -0.007698573812361844 -0.19298355230790673 -0.5146178680160535 0.006375178999967052 0.9999517200320868 -0.007477613094281875 -0.0917027836210788 0.19303180202454026 0.0061065183308517115 0.9811734983381044 4.501090675560669
0.9798535038371851 -0.007318242009777707 -0.1995834520993115 -0.59529793689603 0.005626425472784307 0.9999432857107289 -0.009042604626348228 -0.09873316001857667 0.19963830883472988 0.007737486408103721 0.9798391076853862 4.839746285719855
0.9780264756776341 -0.008086641663498715 -0.2083238322904805 -0.6674379538611106 0.0056273969250657 0.999907345365667 -0.012394881509331728 -0.10206938372684568 0.2084047630872043 0.010950201385764163 0.9779813637345948 5.191548192060618
0.976396370018552 -0.011554743196694054 -0.21567711173013504 -0.7502782256646596 0.008801569557046343 0.9998671192476156 -0.013721378239990275 -0.11461731644703724 0.215806999395124 0.011499206804422336 0.9763683256102393 5.553008702930024
0.9742360899904259 -0.018322790479811057 -0.22478504467423818 -0.8252886012933666 0.015269847127213134 0.9997661489079147 -0.015312715844897172 -0.12152953152067571 0.22501305013015957 0.011485767143207653 0.9742880500264048 5.925609914816088
0.9721577842608202 -0.019138356371471738 -0.23354435513728375 -0.91651770277199 0.015475780605101465 0.9997269975538223 -0.017505158573418025 -0.1330893872184049 0.23381561692015737 0.013403494970204072 0.9721885638119951 6.310805820743629
0.9701346690977135 -0.014918118517766374 -0.24210777260252983 -1.026663315653696 0.009875547215419445 0.9997085769916912 -0.02202804250136215 -0.14170015054727414 0.24236583377585266 0.018979220983372805 0.9699992741177695 6.68794964291666
0.9680308493993699 -0.011872497292557179 -0.2505500317684496 -1.1408446223527071 0.005696646590267562 0.9996621514542193 -0.02536003090583666 -0.1516933331950977 0.25076647070283997 0.023121997274405972 0.9677714350058507 7.074761102327617
0.9658086985671602 -0.014517402130568962 -0.25884899614907997 -1.2556860469800522 0.007816379601397267 0.9996076178885733 -0.026898224273294153 -0.1702173622908865 0.25913792077180414 0.023955276965815786 0.9655432060366622 7.471819582522411
0.9634298784336728 -0.01715830489906381 -0.26741066155684257 -1.375192781598835 0.009632707430604365 0.9995204563458369 -0.02942903827454543 -0.1821161529553085 0.2677873788826384 0.025776926100663584 0.9631331526803375 7.896974979629261
0.9612613565774246 -0.01580683718246707 -0.27518493463344934 -1.5074535999701661 0.007228138056712328 0.9994565766779653 -0.032160618081640176 -0.19815271860968928 0.2755437503758012 0.02892568466686721 0.9608532387390857 8.327178110991838
0.9589331280002544 -0.015171987374651369 -0.28322617609032896 -1.651501319034472 0.0052722124931991925 0.9993492449390251 -0.03568319513755586 -0.2158910061849236 0.283583250208952 0.03272456934631506 0.9583890873554564 8.780755134583744
0.9565791215950807 -0.016886142270223146 -0.2909832337568819 -1.7953544019187235 0.005154322985792956 0.9991443191022303 -0.041037331300859584 -0.24109627269710077 0.29142720717692155 0.03775563275814875 0.9558476317447728 9.242452534222002
0.9550291385487886 -0.017426212805546463 -0.2959994453204487 -1.9452413530208614 0.003058981633722631 0.9987974287265728 -0.048931983411144964 -0.2651279159753891 0.29649618404647615 0.045826013097801294 0.953933954406403 9.692916652734317
0.9538091872383948 -0.018503370841265084 -0.2998427247860819 -2.1024801374151743 0.0013915477741357205 0.9983627630695697 -0.05718266267745479 -0.2961841974806739 0.30040988321695344 0.05412410353624276 0.9522733239369743 10.16356622304918
0.9525000938343179 -0.01920363582799763 -0.3039322154964824 -2.252182104178803 -0.0010753380669396347 0.9977915448830469 -0.0664144307205994 -0.32486176165681135 0.3045363933812447 0.06358658137441549 0.9503758897275635 10.62543731088388
0.9513002018297757 -0.018111942621376883 -0.3077334618352486 -2.4090825169678913 -0.005484855201080099 0.9971199673478163 -0.07564183419054386 -0.3581506660619126 0.3082171999776286 0.07364596561093134 0.9484610848037905 11.048606851960349
0.9499216760831436 -0.01739662427307789 -0.3120034723705681 -2.564464218252155 -0.009054948698674126 0.9964974822493194 -0.08313107586713293 -0.39435420060204285 0.31235687476259394 0.08179318635842432 0.9464370330105857 11.511838578083518
0.9485122225896896 -0.01521208225730245 -0.3163750245379097 -2.7244695210651133 -0.01390449578123967 0.9958833724515456 -0.08957105264314671 -0.43830169638042793 0.3164351886169351 0.08935827341622529 0.9443960347105632 11.950002333459565
0.9472000384905983 -0.013818056110993102 -0.3203453580258676 -2.8851376902745716 -0.01795149838168727 0.9952186941824209 -0.09600778330783444 -0.47979946662908207 0.32014032983874446 0.09668925522075984 0.9424231306242404 12.3742717886616
0.9451926842127291 -0.012404282280032247 -0.3262773720193484 -3.0205039305059245 -0.022029476783487822 0.9945784622172426 -0.10162866055511098 -0.5246197990661338 0.32576907751255463 0.10324638625490701 0.9397950265147826 12.79644073090327
0.9435121812897529 -0.010109446472607985 -0.3311835787744748 -3.1889776930926867 -0.025889921141396162 0.9942290601462621 -0.10410709843218147 -0.5796783388176212 0.330324803399841 0.10680063226729077 0.9378054964683041 13.232840068140858
0.9417803505775453 -0.009748484525126668 -0.3360873968412052 -3.3512771213773496 -0.02738506528649196 0.9940346292444626 -0.10557089590447687 -0.62924511438584 0.33511166715781315 0.10862837066016719 0.9358953187309079 13.655151016731192
0.9396033029824891 -0.009332315346412028 -0.3421381897927661 -3.521797481074902 -0.028062904033433277 0.9941618884108014 -0.10418547426908938 -0.6855939703208465 0.34111304056222486 0.10749440693236033 0.9338559021801242 14.102311605505026
0.9375290455739518 -0.008094425764170535 -0.347812836129924 -3.703868119839226 -0.029458093196366907 0.9942922076613537 -0.10254377859793071 -0.7393938861133277 0.3466576256920178 0.10638367382007266 0.9319393781218372 14.55628506135653
0.934851365294275 -0.008333570557347918 -0.35494151125107026 -3.866433072710617 -0.029356162627359992 0.9944868809113446 -0.10066806549754023 -0.7899780779319896 0.35382360085673176 0.10452939919939637 0.9294527767346704 14.990215657676941
0.9317359219083673 -0.00816566011245004 -0.3630447545695856 -4.052369333178344 -0.029299270727574187 0.9947972674822279 -0.09757022775786256 -0.8398952510400314 0.36195265513654534 0.10154663266114143 0.926649101243177 15.453398465835393
0.9286970914586541 -0.0061469825236406634 -0.3707882507875457 -4.254706600057328 -0.030053987936549398 0.995326078477308 -0.09177557034466957 -0.8907537195026932 0.36961935842883464 0.09637537086223684 0.9241716927962155 15.927445897486212
0.9252805450465851 -0.0028129664956799316 -0.3792729889904978 -4.460703135735338 -0.0322926192228703 0.9957572285968874 -0.08616686393718041 -0.9478547633312818 0.3779062049001294 0.0919762410437391 0.9212639531542764 16.404410739045076
0.9219470423443424 0.002050079529160399 -0.38731053211401395 -4.67597084686925 -0.03645028799049491 0.9960071107593927 -0.08149363056173553 -1.0058991506292307 0.38559697563379086 0.08925039210360204 0.9183405359078004 16.880695588070175
0.9184966870742699 0.0031284603992766235 -0.39541629780412196 -4.9041474955249775 -0.03787395910989937 0.9960674283148477 -0.08009520255036046 -1.0517230935074866 0.3936107201981793 0.08854315888746951 0.9150031201910177 17.37547155850242
0.9144347043947832 0.0037481785278910937 -0.40471610118223134 -5.131721544273972 -0.03947142230844113 0.9960163286583359 -0.07995923878398387 -1.0949040076248164 0.4028041437465254 0.08909222302585343 0.9109398430066278 17.88197679753003
0.9105189274506853 0.004304300412685718 -0.41344498515764877 -5.369144150901701 -0.040586902062008774 0.9960469484934118 -0.0790137948586638 -1.1383936519125253 0.41147051672636237 0.08872400686914081 0.907094297452048 18.398551541348677
0.9064532596053958 0.004932947553550853 -0.42227734272535117 -5.614665115239484 -0.0415190171903322 0.9961284378023865 -0.07748746100448338 -1.1832487774083238 0.42026022814715447 0.08777130185776127 0.9031486805658825 18.91546093413398
0.9026129581313316 0.003707235797783944 -0.4304371083168174 -5.866825294364762 -0.039927176339910095 0.9963729819535374 -0.07514453687748954 -1.232813704234827 0.42859732663996564 0.08501257104540606 0.8994871841006539 19.43391217434478
0.8990854855988887 0.005028171712240688 -0.4377442256325482 -6.131450455792738 -0.04004013188119039 0.9966872830366617 -0.07079016649174244 -1.2813916788066326 0.4359381577980341 0.08117374774041092 0.8963083985177376 19.953132761251183
0.8953620564462363 0.007171501664275434 -0.4452812116407364 -6.4133203307336535 -0.04042711027842258 0.9970508739797881 -0.06523192048890544 -1.3222114616318288 0.443500210406826 0.076407619122793 0.8930114439967083 20.51252582842721
0.8915452006043346 0.006833275497068834 -0.4528801846243155 -6.699020980715075 -0.038495616784059335 0.9974114147870342 -0.060733492744412164 -1.368937438569676 0.4512928569873309 0.07158055600861009 0.8895004110362792 21.065240669652596
0.8880975661860988 0.005660396536960175 -0.45962013972993826 -6.993108413570509 -0.03704156170706756 0.9975534332363796 -0.0592880303653899 -1.409749882300225 0.45816005461042175 0.06967860323908746 0.8861344461254309 21.62037914507395
0.8851842084915144 0.005142234836207011 -0.465212289667993 -7.292958585583461 -0.03612686092483888 0.997679358378804 -0.05771263106607887 -1.452798067021562 0.4638359267639412 0.06789296933955084 0.8833157859776388 22.166793782272595
0.8820722563782182 0.005733983464290841 -0.47107924594643874 -7.6011428951480795 -0.036145643643215465 0.9978022273995145 -0.055535641188161775 -1.4920021180227794 0.46972548043878876 0.06601391088394735 0.8803409206644631 22.731639059138782
0.879046026401607 0.003849895596348825 -0.476721367017923 -7.904644665433044 -0.033782580048756304 0.9979566281255151 -0.05423380556070691 -1.5315353004659804 0.4755384534953914 0.06377888901701206 0.8773798678810485 23.28568094829095
0.8763777246235791 0.002617810217806832 -0.4816173074685508 -8.216898816552767 -0.03297964383002341 0.9979642176855996 -0.05458720831851401 -1.5708350919235645 0.4804939405199997 0.0637225806824201 0.8746799447996589 23.840643317430562
0.874612698853246 0.002074248811103123 -0.48481782609193064 -8.550696452673288 -0.03284753687623923 0.9979466030468529 -0.0549874239113446 -1.6116803423039776 0.4837082450463286 0.06401777065090135 0.8728849057665553 24.401934408546843
0.8732947860745771 0.0020469621742610577 -0.48718787604045727 -8.879002130139204 -0.033114033636716986 0.9979280096008024 -0.05516473901399367 -1.6549111107690253 0.48606550730458037 0.06430783467068955 0.8715531108364573 24.983821170273885
0.872792168602019 0.0019269214003680957 -0.48808822706647825 -9.208716547230036 -0.03248691637876518 0.9980040557148707 -0.05415260880939633 -1.6936136331839569 0.48700968233822434 0.06312045429637789 0.8711127237953988 25.54796680010562
0.8726212563722954 0.002491295429950659 -0.4883911714745813 -9.55036436990377 -0.03213748817515084 0.9981126219631393 -0.052329491987359505 -1.7355420998786633 0.48733902447990246 0.06135949254144574 0.8710543541559456 26.138829269904342
0.8722420861311194 0.0012429995620536198 -0.48907279430951617 -9.866642214742214 -0.030280436557995633 0.9982155314582619 -0.05146695947257764 -1.7778835321244095 0.48813608588536506 0.05970098581751732 0.8707232361370234 26.712525103873883
0.8714960426813015 -0.0010383556958994782 -0.49040143699654537 -10.207479032182919 -0.028205858978021216 0.9982362306574492 -0.05223846592420977 -1.8213843554653932 0.48959072408506427 0.05935781010323381 0.869929636964743 27.31884558678144
0.8702998840590229 -0.0039503459609341015 -0.49250635181044783 -10.545035671668417 -0.02516821098644352 0.9983046823734982 -0.05248163780681367 -1.8639733480193654 0.4918787177369917 0.058070267073026954 0.8687250261846258 27.914937483974786
0.8688305669599761 -0.004554734729611743 -0.4950885782438796 -10.893055363277266 -0.023386615007870398 0.998463984729554 -0.0502268597112093 -1.9067009814693971 0.4945568846497585 0.05521707697369311 0.8673895101141155 28.506171479692814
0.8666068164892025 -0.0033966847834513564 -0.49898004784452893 -11.249432601073629 -0.022699308937411553 0.9986732818901477 -0.046221395614155274 -1.9483915006748866 0.49847504148975014 0.051382278766499305 0.8653799711343869 29.122177561820138
0.864211519391425 -0.003183387940410789 -0.503118590187624 -11.61919443051232 -0.020708281081306748 0.9989075501871741 -0.04189120759432359 -1.9917881872530159 0.5027023143430083 0.04662158534706896 0.8632014891865676 29.729819611751534
0.8603896420034826 -0.0029151343157373345 -0.5096284587079467 -11.995810263168586 -0.02013018664655039 0.9990088672549808 -0.03969960618809405 -2.03711511417902 0.5092390789390469 0.04441604595003907 0.8594781994579467 30.338392287326574
0.8552554566973187 -0.005997420904675784 -0.5181719161937954 -12.366566648591299 -0.018364927930216542 0.9989541081106731 -0.04187384996536836 -2.0760264099754546 0.517881099492512 0.04532902857216813 0.8542508097491794 30.93698244396731
0.8489291000492416 -0.009832865831301777 -0.5284152702554357 -12.708847118670255 -0.016925014409901257 0.9988082933191647 -0.04577703664586453 -2.1099399342728606 0.5282356737071093 0.047804894586180625 0.8477510041732766 31.506659392250295
0.8427224598880578 -0.009842688643050369 -0.5382582810143224 -13.09225574659866 -0.01733226266549225 0.9988184828839396 -0.04540078105401244 -2.1463697048928285 0.5380691853945078 0.04758949179909335 0.8415561728127202 32.10533178601674
0.8370585357520024 -0.006692839897485339 -0.5470724025381075 -13.500663411880138 -0.018015648392744353 0.9990457430702014 -0.039787431008953204 -2.1915277492985914 0.5468166458125586 0.043160272791188975 0.8361391909932767 32.712632206635625
0.8315808931151487 -0.0032945357784267813 -0.5553938820691249 -13.931167951006836 -0.01959956770062316 0.9991855000583192 -0.035273126018958975 -2.230506716714594 0.5550577223602559 0.0402179376299352 0.8308389990491767 33.35783396071986
0.827654188080224 -0.0036448454960252776 -0.5612265674881868 -14.35573716468619 -0.020782033747940735 0.9990940906341498 -0.037136304786747766 -2.2633336442068965 0.5608535031775763 0.04239944765235617 0.8268286610974571 33.972215700388965
0.823974769600385 -0.006799917412890521 -0.5665856865339673 -14.757731250730224 -0.020253206947347245 0.9989355907930296 -0.04144264778367679 -2.3051927198956847 0.5662644140949836 0.04562287332196281 0.8229600031347278 34.55898735968383
0.8211976250593097 -0.009119299061877877 -0.5705710288663159 -15.166317685743683 -0.022823430326910997 0.998547365632634 -0.04880829454337095 -2.3448438046086637 0.5701872952154029 0.0531036436860965 0.819796591479985 35.13278528435524
0.8175760838765651 -0.010320993174588684 -0.5757280817998601 -15.565306699797567 -0.022891440139153993 0.9984663880131442 -0.050406884215687245 -2.3817340717076028 0.575365387420385 0.054390707918433166 0.8160859769967377 35.713535724839666
0.8142832677160267 -0.008422887001124828 -0.5804065944596707 -15.976965008663743 -0.02272221642756418 0.9986658307376024 -0.04637088955136952 -2.420309715384772 0.5800228105844832 0.05094716372608674 0.813005489347976 36.273705537892575
0.811313786187872 -0.00588246345383274 -0.5845813347731957 -16.426098910723322 -0.02266241509819258 0.9988813085571765 -0.041503570412822106 -2.4555613669433174 0.5841715118725083 0.04692044371922772 0.8102728655692333 36.88004319538715
0.8084214332819396 -0.004015600532947546 -0.5885904018608621 -16.86180884252494 -0.022989651085517263 0.9989982802467534 -0.03839156166382847 -2.4967592450926914 0.5881549644042252 0.04456804927727015 0.807519304308127 37.46402408877032
0.8058248194718299 -0.0032531603096338487 -0.592145064381347 -17.310084937966437 -0.024521902113833347 0.9989437748899322 -0.03885885903322425 -2.5348253248235206 0.5916460399934298 0.0458339563712786 0.8048939133845199 38.05667408688418
0.8023247309003 -0.004693505127959835 -0.5968693300843759 -17.749719798252972 -0.023919762510626493 0.9989129934169194 -0.040008455909688816 -2.582697209787205 0.5964083090863094 0.04637674624697301 0.801340331108045 38.6261633847992
0.7986980652307142 -0.007000943571758539 -0.6016912724859944 -18.18157121761265 -0.023179253667147456 0.9988322020451128 -0.042390498429924116 -2.624276547279926 0.6012853921359987 0.0478039637144082 0.7976030706166116 39.18946738061169
0.7941089745900854 -0.0084381622213052 -0.6077168204795769 -18.606916397041996 -0.02244422761417257 0.9988144509747451 -0.0431966337903081 -2.6583168921950735 0.6073608425987637 0.04794256920877047 0.7929781314357791 39.747232960553156
0.7895717255256941 -0.00917196055809155 -0.6135897370311002 -19.034388914564104 -0.021631112731476814 0.9988509248715803 -0.04276593089339588 -2.693374440364941 0.613276923756609 0.04703939862180857 0.788466048580994 40.29278252133673
0.78427160963111 -0.0088800648937208 -0.6203540817743582 -19.476689748698632 -0.02188169705604605 0.9988795625021407 -0.04196201793849936 -2.734359176782759 0.6200316392415545 0.04648401943686523 0.783198571421336 40.84517346936458
0.7789883080780544 -0.009764093666350013 -0.6269624218025835 -19.947903522059505 -0.022022933679942396 0.9988358154532839 -0.04291857593040614 -2.774863229209917 0.6266515828351605 0.04724062068432175 0.7778663879404646 41.41868942519402
0.7734909145787892 -0.011228096646688624 -0.633707925553844 -20.41787773314726 -0.021447131498294504 0.9988067957624105 -0.043874882214228535 -2.8123729268027065 0.6334444139895431 0.04752803998178569 0.772327171476526 41.985665676504
0.7682480925302131 -0.012709257558732711 -0.6400260487636344 -20.906840132142094 -0.020595843615653524 0.998794584579214 -0.044555460282513025 -2.854437100512804 0.6398208183151286 0.047411523784127385 0.7670602765513432 42.553777364130454
0.762727993867305 -0.014297552361862725 -0.6465613562281703 -21.39360779415441 -0.020249048075554853 0.9987374574213959 -0.04597246127270497 -2.8932765446578075 0.6464023386585032 0.048156735145733216 0.7614755054740225 43.11675422970482
0.7567285852651295 -0.01621800826881077 -0.6535279829130675 -21.88793486521639 -0.019366979741678385 0.998697264832233 -0.04720903845975067 -2.933602970218944 0.6534422456027098 0.048381292091071296 0.7554286744870641 43.684938226479865
0.7501766790065364 -0.017369716765561392 -0.6610092610653822 -22.379689439804896 -0.018793050289374565 0.9986910383049084 -0.04757132823746612 -2.9730544981042843 0.6609703257601935 0.04810928131805599 0.748868296508485 44.24970543333414
0.7437422681737316 -0.017372857048255468 -0.6682406919439794 -22.89316115715751 -0.017452539361198654 0.9988168072388874 -0.04539156801601625 -3.0204279265638285 0.6682386156169294 0.04542212473110067 0.7425590772344502 44.82139744600821
0.7377563491250512 -0.018363723379211553 -0.6748172663686973 -23.41546452908028 -0.016371506811590063 0.9988492207667069 -0.04508001706357389 -3.055483296175526 0.6748685376355787 0.04430584428025081 0.7366067126168656 45.369158032493345
0.731819320458317 -0.019528454693338856 -0.6812188500483611 -23.934237556265884 -0.015843713516861112 0.9988316613938947 -0.0456540133953141 -3.1051032323967767 0.6813145080988029 0.04420352536160529 0.73065490445195 45.90890658840844
0.7260743118715495 -0.0203636196594661 -0.6873146416559262 -24.426357847469045 -0.01651602322457608 0.9987565333976142 -0.04703836702541662 -3.1506680720076727 0.6874178602692043 0.04550505455372109 0.7248351366986614 46.41347076343132
0.7203008560492314 -0.019114305444692736 -0.6933983848424402 -24.972584050488443 -0.019297647699857902 0.998681186847055 -0.04757612669187686 -3.1878153067580746 0.6933933065497434 0.04765008253000542 0.7189820526737039 46.96610618321991
0.7153216038362079 -0.01850785958331163 -0.6985502574753181 -25.52800741354009 -0.019178684889859354 0.9987526708038668 -0.0461007658074143 -3.2386824883143923 0.6985321618444499 0.04637414900328615 0.7140744059081909 47.519791150149636
0.7105892875110714 -0.017931948611573146 -0.703378496752277 -26.09242381019524 -0.020558810952570814 0.9987191973099303 -0.04623094436432233 -3.2829978260632817 0.7033066186001051 0.04731183935964137 0.7093105032985829 48.06160991902042
0.7057106623931945 -0.018870632110487198 -0.7082487982540474 -26.626009530921863 -0.019790133974904263 0.9987301600375662 -0.046329450985142046 -3.335068168100716 0.7082237016521004 0.04671152614805032 0.7044410704545213 48.59255148223017
0.7007908324099403 -0.020407270515443148 -0.7130748575852928 -27.17001008509977 -0.020524851409370642 0.9986001088600074 -0.048749903173191604 -3.385916891697045 0.7130714828716657 0.048799240720341426 0.6993909453376683 49.11109288127753
0.6963121412344228 -0.023743144649797703 -0.7173462657961391 -27.734065569660874 -0.019711944995294724 0.9984430792606558 -0.052180999425013815 -3.424970909701453 0.7174683555349501 0.05047455357533741 0.6947600148593327 49.63955053321354
0.6908847809656508 -0.024513767066011626 -0.7225491641779619 -28.299888962953887 -0.01970903538149459 0.9984149097047061 -0.05271832701883935 -3.472020031988348 0.7226961832986016 0.050663036856939826 0.6893065235017453 50.17962656510836
0.6864842474762431 -0.023790588118058544 -0.7267553824251779 -28.867759365975715 -0.019880416928148573 0.9984769383013334 -0.05146428570522838 -3.518949032229928 0.7268728547619105 0.04977762145164551 0.6849657228014284 50.70036136211023
0.6812987444164352 -0.024457594848970778 -0.7315967789095208 -29.432744366152082 -0.018735424135779243 0.9985316362217823 -0.05082868625779906 -3.5672104959240767 0.7317656761143093 0.0483362960770158 0.6798401266051594 51.228749838160155
0.676601129484596 -0.025213003564489696 -0.735917941099019 -30.022771250657442 -0.018144414728259204 0.9985392998261413 -0.0508925035430516 -3.6216833173009766 0.736126138507748 0.04778672570879536 0.6751553429039128 51.7535122224031
0.6723620280511585 -0.025544573139251098 -0.7397815745326858 -30.605127953091635 -0.018226454831676214 0.9985300459648152 -0.051044526148884856 -3.675064450385419 0.7399980402536159 0.04780399657590136 0.6709080997664097 52.27161856782871
0.6682980240202652 -0.025852496201042133 -0.7434442813895182 -31.192271972270927 -0.017478155983688744 0.9985743524655333 -0.05043586681561263 -3.7250929058041025 0.7436882849379897 0.046700225247930854 0.6668934126288694 52.79259673501057
0.6635726732997347 -0.027073498528900092 -0.7476217846794208 -31.791477537218594 -0.015732977590250673 0.9986189219573789 -0.050127059806239355 -3.779872443220895 0.7479463755283382 0.04502526386462702 0.6622302809053193 53.35269639589031
0.6598145833925244 -0.03047394350778624 -0.7508102651866361 -32.39747731318706 -0.012716437478238356 0.9985813978676072 -0.05170574485131048 -3.8241652498048775 0.7513208420910478 0.043663836293333536 0.6584910490202149 53.8820979825159
0.655872267595693 -0.03562984206619652 -0.7540305583683026 -33.00059711156575 -0.009372138804467158 0.9984241273635505 -0.05533014470028044 -3.8721439187137285 0.7548137065614948 0.04335638652680925 0.6545047686107645 54.397720386433704
0.6513334103215954 -0.039352263052899884 -0.757770537822267 -33.618685209866705 -0.0054690994493446395 0.9983848644830583 -0.05654866331178451 -3.9262138246166605 0.7587719535868745 0.04097635615512649 0.6500661971570285 54.91676603536369
0.6443923895612296 -0.0430738011998185 -0.763480907374742 -34.25024297610165 -0.0006832626851206333 0.9983794827105406 -0.05690291429028649 -3.9780855455508024 0.7646946981820001 0.03718946292732784 0.6433187098316908 55.45151778255592
0.635721564963403 -0.047208415676765286 -0.7704735279876681 -34.88158923933504 0.004659329466618991 0.9983446350970796 -0.057326086747577464 -4.033364761613003 0.7719043868831115 0.03285353956819595 0.6348891733589757 55.97951367182845
0.6264237652350739 -0.04889408214014781 -0.7779477071631344 -35.5450133054099 0.007648642280654187 0.9983682803075158 -0.056588648570770325 -4.082040063932655 0.7794451646010544 0.02949823058212166 0.6257755905854382 56.5177119500631
0.6179707280460881 -0.04754782857688731 -0.7847619914826428 -36.237588674772894 0.008230118208740948 0.9985060754633638 -0.05401742697510609 -4.135161204808661 0.7861580276461263 0.0269225047193548 0.6174388506623014 57.043697208548686
0.6092097812827211 -0.04757045766256975 -0.7915810090870204 -36.919879729917035 0.008259589673903807 0.998525629443407 -0.05365022388635496 -4.192776160870364 0.7929660910580397 0.02614610683086299 0.6087044927793096 57.55750567243794
0.5996190051911235 -0.04825455342552728 -0.7988294853642443 -37.59903520983244 0.007350376946232978 0.9984704701362308 -0.05479682677556868 -4.255637187847857 0.8002518482155132 0.026985520925605678 0.5990565591728576 58.06790544105878
0.5898917757139135 -0.049964944611650505 -0.8059349832679019 -38.270473826529546 0.007621643521107899 0.9983838185749795 -0.05631750489562208 -4.316557499598577 0.8074463471309482 0.027078683822998773 0.589319218579622 58.54573687805882
0.5803091162557591 -0.05160257372544006 -0.8127598070619406 -38.987123460498125 0.00787075850804167 0.9982993047174444 -0.05776287182234718 -4.374905146289926 0.8143582631440267 0.027123284933195536 0.5797283386755131 59.04398447645847
0.5704810368156972 -0.05210555932712274 -0.8196562677860078 -39.67991130516355 0.01066633517982049 0.9983713958313162 -0.0560427094246016 -4.437390803720153 0.8212415088921818 0.02322857449406319 0.5701077243815069 59.513919378109534
0.560373695380588 -0.05232430756560369 -0.8265854392398145 -40.410432773157424 0.012149609037816613 0.9984143773471459 -0.05496469873225439 -4.495626261835463 0.8281507764445565 0.02075808142096179 0.5601208740352335 60.00641660722428
0.5499790616160442 -0.05324312991344761 -0.8334795743753702 -41.16138673375855 0.012788025582922519 0.9983857206107334 -0.05533912975703045 -4.553606103592631 0.8350805339520347 0.019776804534467864 0.5497721162598052 60.49737926336366
0.5396934501815667 -0.05390762257120776 -0.8401338869845866 -41.9023594796127 0.012229839684934766 0.998344458701862 -0.05620296078105309 -4.616875931731123 0.8417727786358894 0.020057667062645314 0.539459246968306 60.967776955891836
0.5295318206071711 -0.053870902206049585 -0.8465778031935127 -42.619175386162226 0.010479528446600637 0.9983207777033822 -0.056971960552892775 -4.678122634332467 0.848225341786002 0.02129672982430922 0.5292071606193594 61.416523306022576
0.5195847047340955 -0.05455346336890996 -0.8526755855780279 -43.346998887686574 0.009220606545622047 0.998259493890117 -0.05824914826130217 -4.739872329561508 0.8543691912875265 0.022403180414691623 0.519183380402338 61.85196100768444
0.5091569955750525 -0.0545489609630803 -0.8589432837590775 -44.06951632364038 0.008789447593162617 0.9982670153667937 -0.05818686829233743 -4.800160915543487 0.8606287814545721 0.02207661406355173 0.5087540895594859 62.28432201531024
0.5011591501465091 -0.051637553647062115 -0.8638130985796455 -44.79155946690734 0.007490549880805305 0.998439496163267 -0.05533953526831935 -4.8633318557722145 0.8653227131463154 0.02126347936197344 0.5007638830412159 62.686391177504525
0.4933537743776237 -0.04965453998356812 -0.8684103177452268 -45.52712510707817 0.007513962105334198 0.9985753336235212 -0.05282843412539837 -4.922539741451293 0.8697962943590992 0.019537905150810428 0.4930240121753616 63.10330271146828
0.48652131358516754 -0.04957291456677749 -0.872261163625156 -46.29842111295328 0.006452026011066519 0.998565569094862 -0.05315238074247494 -4.979686479724356 0.8736448836842723 0.020231914382859362 0.48614327811119035 63.52077432286486
0.4785956339259946 -0.052656711161324594 -0.8764550701300332 -47.03219267202276 0.008112409156215878 0.9984226948756383 -0.05555457834361207 -5.037297259413048 0.877997954442177 0.01947801650392211 0.4782679153658759 63.92613970183237
0.4718414730196176 -0.056501817122044606 -0.8798711093112319 -47.79016217179804 0.010899823235147661 0.9982420564232101 -0.0582579663341396 -5.095054360523083 0.881616026505933 0.017898085089026655 0.471627862151963 64.32949949393007
0.4647954883204633 -0.059637909610716425 -0.8834073091016393 -48.54900526690479 0.012950220678997775 0.9980801989758784 -0.060565734509068055 -5.157972072127274 0.8853233566450716 0.016710360544328604 0.46467549755628 64.74458681156055
0.45961353187545056 -0.06298660985293494 -0.8858826605686566 -49.23577027665221 0.013977300576107018 0.9978713757680652 -0.06369735074036408 -5.217674372317831 0.8880090294504717 0.0168939161229633 0.4595155701523682 65.09721123974282
0.4543294168767532 -0.0641915684546311 -0.8885179927833522 -49.967583058869465 0.017536696033966508 0.9978516462642485 -0.06312334227469024 -5.284251631385105 0.8906611281809884 0.013097121326824604 0.4544790646006852 65.47419458181706
0.44973819551206834 -0.06189733650549643 -0.8910130612011629 -50.71379960543021 0.0194601215435321 0.9980380239276407 -0.05950971739226674 -5.3431755439418644 0.8929484078977064 0.00942457044758677 0.4500603496252742 65.85330116815904
0.4453042600593059 -0.05981553203631374 -0.8933791009981374 -51.47035919573164 0.022204524295640394 0.998196947322326 -0.055765701440755884 -5.407136695236165 0.8951039465189659 0.004995646463437539 0.445829528455192 66.23541764021604
0.44201834104624205 -0.05909318608607295 -0.8950574180112235 -52.20771950741229 0.0235448420600689 0.9982482055541079 -0.0542785456728135 -5.468937135523232 0.896696953597526 0.002918127170936414 0.44263535550464633 66.59343712895667
0.4388752177210748 -0.05881952743741994 -0.896620770706496 -52.959877363716615 0.025017932270407883 0.9982681948985104 -0.053242033384992546 -5.52939403633852 0.8981996695252017 0.0009350112799791406 0.43958671433372354 66.96079932260349
0.43586981214715176 -0.05806986912378567 -0.89813439816029 -53.70225313797534 0.026576133062673927 0.9983115997136284 -0.0516493855591374 -5.587586778312212 0.8996172608449834 -0.0013565312924921525 0.4366771620002763 67.32633045811068
0.4337049037235517 -0.056878139173957266 -0.8992579906624382 -54.44203744261939 0.027668403394078486 0.9983757364352864 -0.04980309579642016 -5.64800046489225 0.9006300660869347 -0.0032811859734723564 0.4345741799495742 67.68331290705493
0.4316712139474607 -0.05753734228682305 -0.9001940997871999 -55.18721567418009 0.029732977247830056 0.9983288837441102 -0.049551891449311956 -5.707817125727845 0.9015408549328726 -0.005375325552283047 0.4326605976537569 68.03562904118209
0.4288957056267177 -0.05745594475659167 -0.9015249791919691 -55.93633013159691 0.031578370437343774 0.998318933929706 -0.04860157073554691 -5.765335293656794 0.9028019053011966 -0.007623684776249961 0.42998906871565407 68.3978762793334
0.4260394956074907 -0.05603605384091951 -0.9029675015483365 -56.65408791906558 0.03476160638637039 0.9983568627770047 -0.04555442094332025 -5.821636315865582 0.9040364920200636 -0.011980618347120567 0.4272873575008645 68.74441614902852
0.42342117978772603 -0.05592163755946686 -0.9042053278762687 -57.39973449575262 0.03771795768840708 0.9983157607194717 -0.04407944608208004 -5.870823070539554 0.9051474245530253 -0.015440607234002398 0.4248172871638634 69.09968148513086
0.42138458093643366 -0.057013195074832455 -0.9050881341263833 -58.159230575263386 0.039948566548990594 0.9982200783368242 -0.04428077727287996 -5.926342508520716 0.906001736742097 -0.017497736784174264 0.42291214480992323 69.4538357212795
0.4203440319454619 -0.057687347121330314 -0.9055291628599978 -58.896820659445545 0.04082696377023795 0.9981686605776847 -0.04463724980148102 -5.982942073779643 0.9064458361298403 -0.018207004768464582 0.42192943857975784 69.7938553311865
0.41991145325824514 -0.05802039649040941 -0.9057085651652176 -59.60238677113468 0.03963526406613409 0.9981746427231988 -0.0455678446583556 -6.042072615875495 0.9066991878594276 -0.01676353827494332 0.42144461856755605 70.12785803161127
0.4197120765777396 -0.0587990351607484 -0.9057507638633044 -60.34546111860035 0.03796638902606368 0.9981634273818123 -0.047205143170008346 -6.092961702251255 0.9068629036845162 -0.014575517196450968 0.4211736319136533 70.47742917583187
0.42226216145381645 -0.057987499640625266 -0.9046171106549844 -61.0630519029157 0.03641262953940852 0.9982313981739357 -0.04699144719755388 -6.152666462017581 0.9057421197086761 -0.013096777661803545 0.42362682516633104 70.80610929306899
0.426406070872459 -0.05840589347084488 -0.9026442346411881 -61.76252725525211 0.03436106489819701 0.9982387957364224 -0.04835932077422219 -6.202973886799378 0.9038789631041105 -0.010395109165087589 0.4276619713784211 71.1384641198683
0.4322039150133638 -0.05841117639737394 -0.8998821646854595 -62.44590307264225 0.03283729361795781 0.998257598033414 -0.04902530077818317 -6.258873872806334 0.9011778337237094 -0.00836076793229667 0.4333689070118185 71.45134564943862
0.43863661539135906 -0.058309983694814244 -0.8967707987214547 -63.16276437756139 0.03224682264561268 0.998271358961069 -0.049136913896449586 -6.311799477462499 0.8980857765643903 -0.007364759297815037 0.43975868183950034 71.78841322482631
0.44691582561763715 -0.05739132946611676 -0.8927331516834186 -63.875019247976 0.03146968093050174 0.9983309117990882 -0.04842571350551306 -6.363244482363403 0.8940223173918121 -0.006451809707113746 0.4479759705127833 72.12839118353575
0.4554042145305221 -0.05607457697269475 -0.8885171034961366 -64.59072933192526 0.03018939243287368 0.9984131697537492 -0.04753675469348977 -6.41482525962692 0.8897727810920948 -0.0051753530882409 0.4563744227583804 72.48350661979923
0.4640093962156771 -0.05537632830872283 -0.8840976996274789 -65.2948181243774 0.02948827462186318 0.9984565809932161 -0.04706269787364914 -6.468737064665127 0.8853393258425705 -0.004232981734534197 0.464926187670959 72.850157758539
0.47379950013963407 -0.055607273477079944 -0.8788753408782559 -66.00621442504776 0.02945368726633714 0.9984466604588491 -0.04729425467190845 -6.5161286919687 0.8801400536129681 -0.0034781252132912253 0.4747013678842268 73.22453595876905
0.48253811743257885 -0.05652409271531638 -0.8740491932193096 -66.67947411731365 0.028595918271848812 0.9984001728710286 -0.04877876863219294 -6.567607910975882 0.8754080412486519 -0.0014566241084120915 0.48338249819723456 73.6006831200542
0.4927631083175788 -0.05871384494034419 -0.8681803980127129 -67.34641093296165 0.027200144786116525 0.9982727589523037 -0.05207351397162164 -6.608224701878242 0.8697382774172939 0.0020452740792648904 0.4935090127334388 73.97135092610388
0.5037136756898558 -0.059740965368108655 -0.8618025005648882 -68.01893149615465 0.026044915843579878 0.9982026520777315 -0.053973398481718705 -6.6621581284596125 0.8634779645605931 0.004741565337704576 0.5043642753768727 74.36245360214062
0.5163921395926624 -0.05770055237471381 -0.8544061121168072 -68.68548367768159 0.023202887824210833 0.9983038689652769 -0.053394861228010224 -6.714042893453411 0.8560378403806215 0.007747997457023291 0.5168550903027676 74.74935806331099
0.5292211209752943 -0.05576867100464623 -0.8466491956223785 -69.3591324460443 0.021968407819342662 0.9984037158854497 -0.05203277009724922 -6.761723005118176 0.8481995013978272 0.00893730610896999 0.5296014826149799 75.16117756761491
0.5408489281280238 -0.05351389084638594 -0.8394156898874604 -70.02265570233672 0.021207805695605243 0.9985243878068518 -0.04999275880078452 -6.814650303207997 0.8408523448979208 0.009236365162596271 0.541185757054123 75.5870595700358
0.5526774910998278 -0.05279775983262834 -0.8317210995208957 -70.66977361870846 0.02126615199879845 0.9985596940510858 -0.04925736691856336 -6.869457710077372 0.8331238453019755 0.009535930643720877 0.5530042716073726 76.01253172992222
