1.0 0.0 0.0 0.0 0.0 1.0 0.0 0.0 0.0 0.0 1.0 0.0
0.9998731155888071 0.0010847043657403678 0.01589264418435993 0.006389121066960359 -0.0010706418171506776 0.999999027845243 -0.0008933278616856016 0.0024707901674268177 -0.015893597730881896 0.0008761991828569924 0.9998733048872546 0.09480482307027661
0.9992766704226315 0.00364081084349475 0.037853407316396075 0.016204050790442782 -0.0036343333948125134 0.9999933670054911 -0.00023992873260981898 0.00017374333406418307 -0.03785402977008455 0.00010218328274363387 0.9992832741463965 0.17398864969448463
0.997842138243064 0.005498664147180969 0.06542806614218165 0.028684485271102858 -0.005581765009417583 0.9999838306225899 0.0010873788445431155 0.00033386808882591794 -0.06542102908002008 -0.0014502365215454732 0.9978566960080705 0.26843911126324527
0.9950453327200284 0.00522957768342251 0.09928462796093292 0.05173127640105048 -0.005608642388913818 0.9999780082624281 0.0035392261952165885 0.0022835245564230434 -0.09926393586112252 -0.004078542479939677 0.9950527807752704 0.37820995104741373
0.9905708073824975 0.0021703756163227853 0.13698454303778562 0.08796545416411225 -0.002930487310440325 0.9999814082634868 0.005347464024854442 0.002192100598188811 -0.13697039025172617 -0.005698473221647357 0.9905587512092517 0.47808436326578163
0.9842495684054139 -0.0006205866648965703 0.17678348895173251 0.12406344169276476 -0.00042570828764128987 0.9999826189696449 0.0058805213258484815 0.0015360547299463167 -0.17678406564566204 -0.005863158773329916 0.9842321969449024 0.5895363076627564
0.9754174973017053 -0.00040515720343989173 0.22036456567542198 0.17035176807179286 -0.0011831492702773564 0.999974267697947 0.0070755988975958 0.0049448211130552104 -0.22036176191771797 -0.007162387143677865 0.9753919182025875 0.7103863540144684
0.9633557432297967 0.00027124481043639027 0.26822684133475205 0.21802183513591217 -0.0031682052635928037 0.9999412355107596 0.010367641999218538 0.005731678031239708 -0.2682082669523314 -0.010837525154251248 0.9632999914808255 0.8266898478485808
0.9486623664651082 -0.003729241678355193 0.31626856816529364 0.28210024608502093 -0.0020064186734832282 0.9998394148544034 0.01780782939359568 0.0041898090187290574 -0.3162841898308027 -0.017528184735138053 0.948502542960726 0.952600157224195
0.9317021117547333 -0.01300923986796351 0.3629902679547042 0.36136248600119397 0.0038640247844319102 0.9996568418669189 0.02590883673813553 0.001680134222897174 -0.36320275916385225 -0.02273671451014505 0.9314326586227526 1.0692375527818556
0.9104459247393807 -0.01839201740314771 0.41321901193107763 0.4474072261443065 0.006505913569740518 0.9995241077806837 0.030153458406143824 0.003249922545460574 -0.41357694715019666 -0.02476472614567492 0.9101323074832876 1.1890679819278653
0.8850945319128294 -0.01960934543883005 0.46499800338224 0.5411358098080391 0.003999572273190647 0.9993955759832582 0.03453239242686345 0.004486940308701062 -0.465394105033186 -0.028704638589468246 0.8846379885149676 1.3192859179793763
0.8564813018254711 -0.021580335554581078 0.5157267384387757 0.6429693302463997 0.001669327231594877 0.9992362440668136 0.03904025985878303 0.010261245439597302 -0.5161753509902802 -0.03257633589891774 0.8558631837913474 1.4517037030570983
0.824005014697644 -0.026835783338055353 0.5659466198200743 0.7498743038321879 0.0027002353096321945 0.9990523406729899 0.043441101794181966 0.008424804159123212 -0.5665760712229265 -0.034267496676191535 0.8232966015896945 1.5731668001259531
0.7873477408123781 -0.032141834466349696 0.6156707216644144 0.874635217330461 0.004298821778977621 0.9989019826950457 0.046651356885077114 0.013110202228529549 -0.6164941647485034 -0.03408418174232733 0.7866213913859708 1.7063665881939833
0.7495987577016944 -0.03614337078907921 0.6609049547401492 1.0243152405505291 0.004888404853916552 0.9987830493034335 0.04907671466305607 0.017802801695430626 -0.6618744638902901 -0.03355707335477776 0.7488632164005671 1.8294628282735979
0.7097727874740235 -0.03908634445884067 0.7033454683426901 1.168420583015615 0.0053542457039396285 0.9987299402182771 0.05009828903803319 0.017324619632689102 -0.7044103365328297 -0.03179251780594459 0.7090806114943939 1.9401372403017654
0.6672782706273148 -0.04010397591615039 0.7437280286935105 1.3522847509436187 0.004028747619340214 0.9987290606978461 0.05023975030011509 0.03742358133568018 -0.7447976092477991 -0.03052760117197319 0.6665917692452007 2.081131468606438
0.6245904136744301 -0.040141252123112516 0.7799201850343351 1.5443292294559205 -0.001334564247349783 0.9986218061781974 0.05246624785196832 0.042646064019249794 -0.7809513647368009 -0.033810769044539085 0.6236760359452207 2.2109111426646986
0.5826400192382145 -0.04040577791091625 0.8117253113544666 1.7494690472600105 -0.0030366127787361777 0.9986481908512748 0.05188997872718023 0.07001717215746649 -0.8127246686085784 -0.032698073657157246 0.581729704428257 2.3445199745253644
0.5419785315220877 -0.04123796010037943 0.8393799509256338 1.9803683946304713 -0.0055845953297020854 0.9985965655721986 0.05266603765628437 0.07946860898680287 -0.8403737761640133 -0.03323145910382479 0.5409876028724385 2.4748295635117175
0.5040041636546276 -0.04311569497095871 0.8626243909523826 2.2307226997636613 -0.00643816661699598 0.9985379425651653 0.05367054376786396 0.09754754635594441 -0.8636772273421416 -0.03260389708144767 0.5029896945919394 2.588272332426707
0.4669369987726814 -0.0426207765602368 0.8832628762619664 2.5122387201145777 -0.009932621713638165 0.9985220179734724 0.05343334771542841 0.11377391461826723 -0.8842348003799968 -0.03372312304022973 0.4658235382302618 2.7039649774417565
0.42991296989195765 -0.042086838002727354 0.9018888714168763 2.788674987412559 -0.010935565044654563 0.9985969541529984 0.051812513676808974 0.12196964932711135 -0.9028041048510067 -0.03213753604879445 0.42884953893047745 2.8273192315341693
0.3960417131146761 -0.04003201750040789 0.9173594710079782 3.0732022662144933 -0.009764351483361508 0.9988091135501925 0.0478018004806226 0.14098047221242865 -0.9181806025577423 -0.0278889272638246 0.3951791857155087 2.9358920186433433
0.36698885738690495 -0.037584917993165386 0.9294657349753669 3.367202663642691 -0.007373585066536355 0.9990344946362328 0.04330945358919195 0.15982762512960577 -0.9301961130842878 -0.022747581550020494 0.3663573920866153 3.031328731306685
0.34132467537340366 -0.0355618904844378 0.9392724939688225 3.660839710245694 -0.005658404032757189 0.9991881918076623 0.03988658691762327 0.17258168289349818 -0.9399284272991423 -0.01892905959914203 0.3408463616611606 3.135646769575583
0.3213215880699064 -0.034660211683633785 0.9463356205735243 3.9853854431900015 -0.004648444398604525 0.9992601822666171 0.03817695772532223 0.1889066812697291 -0.9469587261358876 -0.01666606919863335 0.32092275259408004 3.234025504583115
0.3065737270409433 -0.0351909826069524 0.9511961651685631 4.321646022495801 -0.003817386416982749 0.9992628358117303 0.03819964039677948 0.1994983200103533 -0.9518392603003747 -0.015342089448865375 0.30621339428930217 3.3391966760027616
0.2946374988618722 -0.036562931842738705 0.9549093654789869 4.671381998476327 -0.002551024487511081 0.9992341101458833 0.039047220067881916 0.21159821772912327 -0.9556056909303545 -0.013940772433000886 0.29431856605638734 3.4430719267292575
0.2839725932249875 -0.0385568690333772 0.9580568532959913 5.03354767438156 -0.00401040274021779 0.9991346560029201 0.04139874205563006 0.2241471745082947 -0.9588240104247144 -0.015598301967532462 0.2835722306728813 3.540326954977047
0.27400138081046826 -0.04006828995708123 0.9608942582063179 5.423163369405443 -0.0055892811177851425 0.9990485128389259 0.04325308001654049 0.24005563683277417 -0.9617130566081233 -0.017222111782419263 0.2735167190780334 3.644745316151308
0.2630486663219401 -0.04195353391405684 0.9638699601805051 5.816534890248699 -0.006975469367201926 0.9989452662684871 0.04538389391500674 0.2511131112691414 -0.9647573487532253 -0.018661618148044852 0.2624785744298794 3.756238048984718
0.2520815989890814 -0.04374743217790616 0.9667166232298612 6.2141842394194455 -0.0077264998053064755 0.9988547927257361 0.047216567532844776 0.2656888530167716 -0.9676751359066039 -0.01937176364362786 0.2514548987820077 3.8655221698571127
0.24246670818240143 -0.045776973360844395 0.9690791320284987 6.626464424151472 -0.008090989559958031 0.9987560152895618 0.04920322967911419 0.2761643241329985 -0.9701259873393396 -0.0197709542722537 0.2417947022910851 3.96168553666672
0.23305836471737798 -0.04687060442857841 0.9713325615234769 7.0626777274052985 -0.007128547332942379 0.9987286303816643 0.04990297254558734 0.29617298034676853 -0.9724366213014513 -0.01855449531685939 0.2324279420709864 4.054619754550519
0.2235639290601504 -0.04995702105311294 0.9734081701273545 7.504882420096218 -0.007911224671843648 0.9985597312605287 0.0530648247814995 0.3111938393602704 -0.9746571613379643 -0.019564231454326387 0.22284671570436573 4.147009830137907
0.21279048724130642 -0.053311645413440176 0.9756423919669117 7.978785168931186 -0.009218663751616995 0.9983564473336346 0.05656341844334772 0.33316278650735 -0.9770543612196002 -0.021030276523960438 0.21194929273551308 4.245686611050197
0.2017812333049389 -0.05719316104810504 0.97775931405191 8.46994661716225 -0.01018996416512671 0.9981169782076003 0.060486878279850276 0.35527910217759817 -0.9793776077265857 -0.022168449270381987 0.20081847858375915 4.336544399352603
0.18920164838001693 -0.059713030449685865 0.9801209569460279 8.96116504922762 -0.010958332395282301 0.997958714933967 0.0629151669985776 0.3716293236536667 -0.9818771059564417 -0.02264414453803188 0.188161078644714 4.428954370681397
0.1745820824433949 -0.0596239304067473 0.9828357357221893 9.475600906162965 -0.012254051938350346 0.9979560623073066 0.0627179074522305 0.4028475114796718 -0.9845663688654102 -0.022993143041908505 0.17349461280464834 4.529328633381361
0.16109704710113162 -0.058950058684632246 0.9851764471384669 9.97775777176588 -0.013002768095240006 0.9980011461294824 0.06184367668646053 0.41806824986922886 -0.9868529117539029 -0.022772854571099076 0.1600085237027288 4.598771525781732
0.14482973029430357 -0.05815118435830679 0.9877463181306237 10.481403040047512 -0.013229954344617385 0.9980684504248805 0.0606987361854942 0.435663198949715 -0.9893681405477528 -0.02185882028388193 0.1437806469761443 4.669368293591345
0.12277427219931912 -0.05655374083953286 0.9908219580141429 10.992822957875106 -0.016004169256515034 0.9981323961023614 0.05895410433011895 0.45727005885726363 -0.9923055702012032 -0.023095329571422893 0.12163988284954612 4.74250601519413
0.09850306734604143 -0.055249457447677196 0.9936018534479271 11.501474622232934 -0.02011685035882482 0.9981430196336003 0.05749630151894883 0.4765964173253488 -0.9949333937782269 -0.025651701862731937 0.09720870401606972 4.781568045232589
0.06735351120508519 -0.05437111121198136 0.9962465993888853 12.047697710258111 -0.024509733406033764 0.998122555917415 0.05613052945814039 0.5018977913670988 -0.997428081365624 -0.02819832680249514 0.06589443731323759 4.82576609045212
0.03318496971235676 -0.05422430888309585 0.997977195186011 12.621709368465819 -0.029187793765983128 0.9980486813957512 0.05519875233441283 0.5266830404239181 -0.9990229379149724 -0.030960521480620524 0.031537527318793994 4.850223733075961
-0.0008970152942091571 -0.05404966563377871 0.9985378455564095 13.184438529601017 -0.031042567543737236 0.998058519789884 0.053995833868155 0.5414516830668323 -0.9995176608564017 -0.030948743426859347 -0.002573114152919156 4.846848472166729
-0.03472760925598669 -0.05238896415146165 0.998022740016728 13.762876295554 -0.03137482495033622 0.9981900186389508 0.05130601376940141 0.5611754799705412 -0.9989042063755152 -0.02953105356581358 -0.03630844751010108 4.821857936790017
-0.06708916971604197 -0.050249515210174234 0.9964808224586923 14.342492781659816 -0.033091517578298424 0.9982935892045054 0.04811300466143008 0.5787130589652303 -0.997198071985288 -0.02974720111755 -0.06863752074845622 4.781730348633147
-0.09990662119548507 -0.04679907732503079 0.9938956250043689 14.928339900207893 -0.035076662889797265 0.9984380322707225 0.04348704905926898 0.5956427661306849 -0.9943783458834048 -0.030517897648648814 -0.10139212573612023 4.723028562229407
-0.13268876296240573 -0.04225979729992406 0.9902564323020949 15.524423405643864 -0.032501089237122575 0.9987388693006392 0.038266828278310974 0.6080248149747642 -0.9906247379214322 -0.02710683456714142 -0.13389491453316113 4.643223734349733
-0.16368031398566038 -0.03623798093736632 0.9858476370875655 16.136469834030702 -0.026530861710386017 0.999125346592971 0.03232112579073979 0.6136895121223732 -0.9861566144332542 -0.02086505530928306 -0.16449857530228215 4.526669223176919
-0.19339149323743296 -0.03015473099686285 0.980658157841916 16.753245705697083 -0.019590684230759114 0.9994469758832837 0.026869080541221436 0.6156338704210208 -0.9809260601262277 -0.01401551270081551 -0.19387529489072797 4.387288627965904
-0.22228526581014849 -0.024200243580638024 0.9746812857618365 17.382977106390857 -0.013911979254563124 0.999668857827449 0.021647898816858697 0.6214177575943074 -0.974882412107701 -0.008747736884593247 -0.2225483310709513 4.23580924465069
-0.25037990209869676 -0.017479061292118996 0.9679898692865494 18.006811102268227 -0.004556552183151601 0.999847212357651 0.016875715476309554 0.6196221497575352 -0.9681369440617617 -0.0001853563633628126 -0.25042129139865366 4.061879476461003
-0.2760738261428057 -0.00715748014267034 0.9611097819691968 18.627795580630114 0.0016847906394563195 0.9999671313890443 0.007930802107443288 0.608892865812505 -0.9611349561842867 0.003808755646334477 -0.27605269312407277 3.8698245320767097
-0.3011343582184354 0.00858127291536345 0.9535431086508469 19.20426729289503 0.0058907224440827985 0.99995716864582 -0.0071386457344460915 0.5940281538574689 -0.9535635257755275 0.00346736628973839 -0.30117201012304423 3.6805823303883134
-0.3265489154617252 0.026224931542133345 0.9448164153825752 19.737641107042112 0.006657562604057623 0.9996540280438747 -0.02544604243942839 0.5771713877680905 -0.9451568561201582 -0.002019203126637857 -0.3266105328182013 3.4981943533789157
-0.35171120038651293 0.041396061214406886 0.935192813081136 20.231390869489594 0.0073467868252002745 0.999113051085766 -0.04146246342701392 0.5514067671883547 -0.9360797275050992 -0.007712150544730676 -0.3517033785563515 3.3130203842317774
-0.3760624103713298 0.051941128003285215 0.9251373858662556 20.695867514630482 0.010846062346849749 0.9986059812567355 -0.05165711112556406 0.520967497221028 -0.9265308556315178 -0.00939219995619228 -0.3761015290353244 3.119989370080984
-0.3993617127230903 0.05599772760900751 0.9150816777280074 21.16587499717309 0.013611450107091002 0.9983850188768307 -0.0551550769040381 0.4859100580357521 -0.9166923970650469 -0.009571237377462263 -0.39947896137118655 2.91153227321849
-0.4217673208679359 0.05567580318344117 0.9049931115692317 21.629375773405297 0.017711976395607582 0.9984284136774383 -0.05316943345300431 0.447620063930818 -0.9065310876853837 -0.006395912869237767 -0.4220906056269481 2.6875574173304755
-0.44126943244908906 0.051489039915428435 0.8958962924103681 22.109277489918494 0.021089950346035127 0.9986718483773278 -0.04700801264690184 0.4144171241174774 -0.8971268037353809 -0.0018487907391258607 -0.4417692610315277 2.4381017634179365
-0.45894183513172215 0.049861585949387735 0.8870660709397787 22.588014117117904 0.02848581573610572 0.9987364674618691 -0.04140080752392704 0.3789639393949348 -0.8880095440184052 0.006268238061576026 -0.4597822951395882 2.179098236990993
-0.4719159699264112 0.05067433702387405 0.8801860194842922 23.055132093936088 0.03158095112129597 0.9986777326153967 -0.040563899029097926 0.3454483338341271 -0.8810777269087492 0.008654359904668396 -0.47289231459175934 1.9105752998792267
-0.48283837440297234 0.05486842211958007 0.8739888789097949 23.50196523401562 0.036342353797181634 0.9984308633891036 -0.04260333734072914 0.30994532507027794 -0.8749550488592973 0.01119228690640352 -0.48407478264151405 1.6528510770961726
-0.49262423942401884 0.05719968294334553 0.8683602679781504 23.928655473782804 0.036935572361617805 0.998312666307339 -0.0448060686140816 0.2804889392227075 -0.8694579473592877 0.010000828041269207 -0.493905720975433 1.4125207830119746
-0.5033175813443164 0.056556456231428714 0.86224867617657 24.355747277952666 0.03170380143890482 0.9983925811444327 -0.04698002650146292 0.24403839806059832 -0.8635197052088789 0.003690687510253097 -0.5043015938321748 1.1684086556504898
-0.5141258034039334 0.055477230978175765 0.8559187666579415 24.801251065710513 0.03222581982288379 0.9984508530782273 -0.04535846695052124 0.20925090472048907 -0.8571091848831177 0.004262725695237281 -0.5151171462479618 0.8959067057719672
-0.5231882938165162 0.0565728044246643 0.8503373019060665 25.207514127923336 0.03410706484571876 0.9983847766206871 -0.045437274782601136 0.1773213174164815 -0.8515343312755934 0.005230259227663464 -0.5242727601615772 0.6456403969932754
-0.5302292317170454 0.05977851775058251 0.8457443411860894 25.614750563791794 0.03769422572080732 0.9981871173263147 -0.04692146791278154 0.14437668523048022 -0.8470160017260948 0.007000544216334554 -0.5315212932711298 0.38599071110337596
-0.5340223596027072 0.06258268232607951 0.843150951679014 25.99799580832803 0.03815074846011324 0.9980245659573168 -0.049914788766877084 0.12114483867683162 -0.8446091639547187 0.005511226595053624 -0.5353550098253755 0.15081121991423713
-0.5338661701625782 0.0647114848617429 0.8430891625936884 26.39840825752857 0.037686488434386996 0.9978974404554454 -0.052729753668634353 0.09116971668807532 -0.8447287380842592 0.003622438330554921 -0.5351824333768023 -0.10026436854384002
-0.5300023603293001 0.06503164105006701 0.8454988963373655 26.804355846260606 0.039904662865975354 0.9978631955836506 -0.051736455049967385 0.06271268840977717 -0.8470567371356672 0.006318905120344322 -0.5314649146567969 -0.35922564857071015
-0.5245501615656232 0.06347329524502866 0.849010170016952 27.222166816455665 0.03790973384706898 0.9979692759983774 -0.051187657134488064 0.02807403353457911 -0.8505351139612773 0.0053352557587368924 -0.5258912006916121 -0.6059611385557431
-0.5178424485118166 0.06172275457216604 0.85324644745074 27.705542693553287 0.035917763631364084 0.9980829766120739 -0.050401250509315376 -0.01028890714901215 -0.8547216580706305 0.004546797247036353 -0.5190666757361583 -0.8956221012286834
-0.5106833808669919 0.06136482763139125 0.85757614381233 28.22645105554957 0.03507192592052118 0.9981062726222238 -0.05053541890986535 -0.04923341133131139 -0.8590532256609504 0.004269248404573579 -0.5118684684560826 -1.2033430165404944
-0.503927193348846 0.060171145726348886 0.8616477337204173 28.771424479588973 0.03178471991675675 0.9981867475081719 -0.05111700968238596 -0.08272686504375745 -0.8631611178588663 0.0016279806615819993 -0.5049259691237886 -1.5241968373834869
-0.49948340088174253 0.057355094914139704 0.8644227700211258 29.327879793568254 0.02684467236193057 0.9983515617518518 -0.050729899599926485 -0.12446849440611255 -0.8659074406709921 -0.0021335967351498748 -0.5001997120706715 -1.8414251174191951
-0.4978660424311217 0.054168695569178596 0.8655606022771044 29.8944756971433 0.022975914783460227 0.9985209953266463 -0.04927402187507444 -0.17074626095502568 -0.8669495435916872 -0.0046448156277676044 -0.49837427156099084 -2.1576125837455336
-0.49856668601187387 0.05132431724574898 0.865330615463473 30.496596674933652 0.020042490135313173 0.9986613345325083 -0.04768477219116826 -0.21681976646660026 -0.8666196156263212 -0.006430658520369804 -0.4989279391281679 -2.4925426894233147
-0.4994855738983495 0.04983877313429871 0.8648874251368798 31.110835518952406 0.01904987207185014 0.9987342964532114 -0.046550053299137154 -0.2650618280405189 -0.8661127316010782 -0.006775085281707863 -0.49980279548832357 -2.8382844999007615
-0.4996233489248815 0.049093104954872735 0.8648504935854366 31.726800826525828 0.019432449047250375 0.9987767132206633 -0.045469297906967375 -0.3069570859619295 -0.8660247624249034 -0.005911359743452977 -0.4999661655481013 -3.200077549746799
-0.4996142381152836 0.04843641963099253 0.8648927831389347 32.344193355033916 0.018901380380545146 0.9988073730217804 -0.04501743458969643 -0.34738797728132664 -0.8660417720249948 -0.006143683801937612 -0.4999338998879224 -3.5522698548077773
-0.49969141859921185 0.047500911473180384 0.8649000806957539 32.97441799619517 0.0188163686530183 0.9988548995935035 -0.04398674605790948 -0.3870300554704286 -0.8659990937922621 -0.005705520770842682 -0.5000130164142855 -3.9153574153126933
-0.49981041128975395 0.04663892112248027 0.8648782364026134 33.601828104634606 0.018182354316053268 0.9988941202232057 -0.04335825844092415 -0.4332026435183403 -0.8659439674470231 -0.00594538644964926 -0.5001056864524455 -4.2741654972580365
-0.5004679720696192 0.04467591522347314 0.8646015680829323 34.25026178279158 0.017121780330781114 0.9989830890583206 -0.0417089008941315 -0.48274145560166903 -0.8655857286085681 -0.006070450925374226 -0.5007239719193946 -4.646897355025144
-0.5003344711270524 0.044039721101269795 0.8647114663096198 34.90723509081482 0.016321248171238166 0.9990078567075203 -0.04143572244785491 -0.521465998492572 -0.8656783662886258 -0.006618549838560526 -0.5005568508550134 -5.031347778864152
-0.4992339549312778 0.043351035164062794 0.865382080929503 35.53844698505613 0.014257921627071396 0.9990234043294568 -0.041820440849606136 -0.5614408152659405 -0.8663499119377516 -0.008539634194953937 -0.49936450087412554 -5.394335640754983
-0.49862783890553813 0.041749139681969666 0.8658101914416384 36.12606830288884 0.01375126919865643 0.9990947443604014 -0.04025660674777976 -0.5994495108108887 -0.8667070905812524 -0.008167075806860833 -0.49875055690088727 -5.707689755769681
-0.4966628667893965 0.039049014055241416 0.8670646868912666 36.718196335348495 0.014004548667306323 0.9992179179162257 -0.0369787118729477 -0.651872717723519 -0.8678305533738506 -0.006223103443725108 -0.49682129947735165 -6.0475737958546985
-0.49453882685322037 0.03761098245453976 0.8683413860535747 37.32320135158009 0.014691354527860976 0.9992822796505315 -0.034915464747986666 -0.6916535935339023 -0.8690313647025505 -0.004509941821776232 -0.4947364425509667 -6.384685993181091
-0.49221490176078087 0.03723886493843085 0.8696768120530296 37.919895346953716 0.014835840591294079 0.9992982825754743 -0.03439244503741436 -0.7284870618524009 -0.8703472802959601 -0.004026087405839636 -0.49242197585163183 -6.713006295051269
-0.4896259094421646 0.037243805878107945 0.8711368249170998 38.503574397392114 0.014757423247793052 0.9992981975310044 -0.034428634453966905 -0.7666982700212011 -0.8718077123207959 -0.0040014166233342235 -0.489831911376736 -7.05503128898904
-0.48903576398596027 0.03744376658903062 0.8714596868968141 39.087301621524134 0.014751686223056776 0.9992903518955752 -0.034658049021660205 -0.8049844342288855 -0.8721389850799273 -0.0040935256244245015 -0.4892410793787827 -7.376039657051442
-0.4898614916938287 0.03862271105493277 0.8709443180515405 39.65219263714128 0.014279830750719256 0.9992396205950036 -0.036280395076100314 -0.8458456389376238 -0.8716833171451823 -0.005335430996142379 -0.49004053688124255 -7.687082954327433
-0.4928821247913017 0.04038465554776047 0.8691583806519381 40.20690998100709 0.01308641746713768 0.9991533696607013 -0.03900371230452973 -0.8814313762301921 -0.8699976762837294 -0.007850063181132266 -0.49299332629252035 -7.996852740463912
-0.4970229448690936 0.04090989999383056 0.8667725032303156 40.73687240865159 0.01177871289704889 0.9991140766239212 -0.040402027355204824 -0.9191247759519517 -0.8676574521066156 -0.009871270152159037 -0.49706448659046143 -8.312022250889848
-0.5021102067998715 0.03974603312788313 0.8638898037817011 41.31203478611032 0.013908892712821844 0.9991852419745602 -0.03788660612585266 -0.9563651794448566 -0.8646917849331598 -0.0070075010402973065 -0.5022539317897627 -8.65052027891554
-0.5074715384550755 0.037642658385907524 0.8608459025445141 41.86816997379371 0.015005520751843998 0.9992798886649725 -0.034850228932942956 -0.987350044329627 -0.8615378529147777 -0.004768058237340999 -0.5076709501395953 -8.98183621545484
-0.5130705722605173 0.034708118659158044 0.857644410218714 42.422966301708165 0.012029179553113896 0.9993747532291961 -0.033247578067500415 -1.0273739875999492 -0.8582621317054276 -0.006741595302124064 -0.5131672867333196 -9.307123597753604
-0.5185778205930339 0.03796813861675975 0.854187019591703 43.00382044906985 0.013759242517833602 0.9992547914392537 -0.036063070182966755 -1.0621823806967516 -0.8549197197598822 -0.0069485419812296365 -0.5187137847888942 -9.65011962340133
-0.5235580949709918 0.03919336618081129 0.8510880102772929 43.567060101866 0.013956985120863867 0.9992018433280258 -0.03742831623523493 -1.1008979651602342 -0.8518756504071957 -0.007717275250105581 -0.5236872348129473 -9.994197844897325
-0.5282507175417521 0.040302214516138433 0.8481314231424973 44.123456441853286 0.01274792110182696 0.9991367503620566 -0.039537887949715064 -1.1382136246585841 -0.8489927384402098 -0.010074005213322645 -0.5283084747519721 -10.340555533178287
-0.5314618234274376 0.039913173122030285 0.846141400033418 44.675624568970775 0.011758110939576455 0.9991406717921494 -0.03974499714251208 -1.1823853155087263 -0.847000635812227 -0.0111739242013173 -0.5314744268086907 -10.694072718776184
-0.5349456327354235 0.039131795564703996 0.8439797820997719 45.20898273314703 0.01280869561959053 0.9991876554988072 -0.03820950687086764 -1.2203097294141776 -0.8447893863761681 -0.009629728691540775 -0.5350122998506711 -11.02955444458471
-0.5368364209709644 0.031940453436121986 0.8430815290073548 45.76419581832648 0.013817296884481932 0.9994819469776899 -0.029067507159808773 -1.256109071237645 -0.8435731974321444 -0.0039553887261026335 -0.5369996419683474 -11.386617708512745
-0.5392124990983316 0.023001570247334673 0.8418555746577244 46.320098900395806 0.0131174824824951 0.9997350720520556 -0.01891341752263792 -1.2856723558880747 -0.842067581889633 0.0008446746244907895 -0.53937136933223 -11.73691550453597
-0.5406329338136443 0.021710567074789567 0.8409784076617791 46.88833671524604 0.014404139361269528 0.9997592841726475 -0.016549757697614246 -1.3135366265941715 -0.8411352754731626 0.0031662261258106196 -0.5408155169434461 -12.103620826125661
-0.5415669098439669 0.026197959886742977 0.8402493374349236 47.42716635482005 0.013576469536009156 0.9996565057924668 -0.022417624801188366 -1.335827489644901 -0.8405480126899323 -0.0007330242572860067 -0.541736560551753 -12.451064629712985
-0.5423362781400566 0.03277751818356261 0.8395218851911583 47.947641759423085 0.015323116376330468 0.9994583767796839 -0.02912310404867496 -1.3616985518288347 -0.8400217637166961 -0.002930424310385634 -0.5425447899442513 -12.7907255970322
-0.5426869671635176 0.036781966772151994 0.8391292764474579 48.48342942596577 0.020706061126225184 0.9993229353600025 -0.0304126601286126 -1.385178588746662 -0.8396797691402953 0.0008705078023526525 -0.543081142659792 -13.145267178490725
-0.5415672854564602 0.038568109174245475 0.8397722169005373 48.996625716235535 0.024437922197124495 0.9992471319284165 -0.030132329672878537 -1.40992576115792 -0.8403021261915304 0.004203604114501007 -0.5421020811899177 -13.497053302285282
-0.5407969572973997 0.035037026411292395 0.840423142088631 49.52968302032604 0.022829862335369582 0.9993754294015229 -0.026973106870798177 -1.4379460267941706 -0.8408432959616321 0.004599770512755739 -0.541259081907738 -13.844444150636466
-0.5396026710380398 0.030362078932763954 0.8413721540266781 50.08119961838207 0.02287742645265898 0.9995092851531342 -0.021396547655349048 -1.4730561599366054 -0.8416089238877607 0.007702795307241193 -0.5400324862236887 -14.199921577074798
-0.5385133862099861 0.022977339449977444 0.8423036119740039 50.64473475600676 0.019243715124139943 0.9997027766058855 -0.014967894798465364 -1.502050284171042 -0.8423971820352166 0.008148639044504821 -0.5387954968082481 -14.563050933808414
-0.5384696405805176 0.01708295743727919 0.842471731714651 51.19082462183617 0.010338430360480603 0.999853163012568 -0.013666355455585087 -1.5255957938118294 -0.8425814874721425 0.0013509178187903668 -0.5385671842864891 -14.89171432559701
-0.5379250879231094 0.011252832625005958 0.8429175366195835 51.76749983939221 0.0020986290927439656 0.9999256800321803 -0.012009586508556054 -1.5472277312093972 -0.8429900328822661 -0.004691286613401951 -0.5379087248698099 -15.229100263033509
-0.5367952464246744 0.012056280803014342 0.8436264039899832 52.33258071972672 0.0058338061030405895 0.9999270341304003 -0.010577954505829773 -1.5714117894726751 -0.8436923788456451 -0.0007566428313437462 -0.5368264126972522 -15.577918514754183
-0.5343717462171038 0.015100239786972976 0.8451146783740405 52.8641335703172 0.009804527078128079 0.9998838794997232 -0.011666137550667026 -1.5957717335607866 -0.8451927047092018 0.0020518954536821454 -0.5344577454124784 -15.90567915167084
-0.529885250236263 0.018383125571146054 0.8478700857302888 53.42442372202204 0.012136437551834512 0.9998270322661242 -0.014092992352889383 -1.6191283821580786 -0.847982504811038 0.00282245356804505 -0.5300167028408186 -16.24068289929224
-0.5215184782882806 0.020363654108956727 0.852996950988224 53.99725393882391 0.017173133454536298 0.9997631641550552 -0.013367837746505795 -1.6430903369197438 -0.8530671487586596 0.0076770560760711145 -0.5217446717684574 -16.601952544512546
-0.5129336247616278 0.023726013979680074 0.8581003279626067 54.56197048665157 0.024738476674264084 0.9996113520290458 -0.012851173739854005 -1.6692656177897367 -0.8580717361390796 0.014636295818656733 -0.5133212195925412 -16.94814633291897
-0.5017972253734094 0.02274106762069876 0.8646862948208544 55.12783283439885 0.022743992831356693 0.9996555975208886 -0.013091872869671008 -1.6900892584695202 -0.8646862178834778 0.013096953409835563 -0.5021416278439237 -17.288894720489285
-0.49084163756391 0.02054986105599836 0.871006423652637 55.69998504951584 0.02171689768095292 0.9996997551702769 -0.011347945523162154 -1.713016658259245 -0.8709781071810545 0.013345513218342063 -0.4911405441299309 -17.60574159416787
-0.47873653202712546 0.017427855189758455 0.8777856246066715 56.28093136897036 0.021901510875555686 0.9997288880174112 -0.007904067613061342 -1.7280897029538635 -0.8776853973514694 0.015440865485744195 -0.4789884371767675 -17.92862549356402
-0.46621467941921313 0.01702769806015193 0.8845077332577772 56.84881445961584 0.022648119709076715 0.9997167877405481 -0.007308008166174822 -1.7492119186830604 -0.8843816683806156 0.016625336342039457 -0.46646828705050297 -18.241972099348406
-0.4549035304519214 0.01585688255699628 0.8903995379928888 57.45433855562983 0.022503175081185236 0.9997268769346934 -0.006307031446212182 -1.766641728587481 -0.8902563591986526 0.01716772582410667 -0.455136116009689 -18.53940458856336
-0.44187514472577955 0.017595233252684812 0.8969039883066379 58.08042398697603 0.024783900986105105 0.9996654360042527 -0.007400966851051741 -1.7851279322022042 -0.8967341382625513 0.0189584763418155 -0.4421633877305023 -18.857162629920985
-0.4292827165867307 0.021726625065142655 0.9029088010442662 58.75289666617794 0.025550526807457844 0.9996026357254124 -0.011905512616524156 -1.8176597789380213 -0.9028086839523511 0.017958964727392293 -0.42966726168762537 -19.179502405276768
-0.4173426595062537 0.031485906260300185 0.9082035797458704 59.394210159332566 0.028670946591755404 0.9993582793359505 -0.02147105829280537 -1.8362980521512258 -0.9082968024703039 0.017078267759002057 -0.41797757283444287 -19.47487952961148
-0.4035795469754426 0.03667411298815687 0.9142092532345244 60.070909193373275 0.02884163862356457 0.9992097082067123 -0.027351762410448614 -1.8606914455001113 -0.9144898627894139 0.015328681025521837 -0.40431834288517493 -19.787090675856394
-0.39216424792563137 0.03285639373900549 0.9193082508274306 60.77187958326561 0.027216958836925844 0.9993388423273282 -0.0241063345935735 -1.896017674685267 -0.9194924903448591 0.01556713224508503 -0.3927992166400936 -20.07749468867409
-0.38018487207637763 0.02896617938402395 0.9244568261937166 61.508279485097525 0.025497375006048498 0.9994578432338046 -0.02083034964240051 -1.9293498060767071 -0.9245590013147176 0.015651838560259406 -0.3807173138138247 -20.378796732159092
-0.3709187404642225 0.029375504897224358 0.9282006074574969 62.24688283713766 0.021484788144075218 0.9995035072535389 -0.02304653696917134 -1.9630455433561629 -0.9284167662482392 0.011393800941758646 -0.37136570849939965 -20.657787614779554
-0.363915879045844 0.03422205859873461 0.9308029241915572 63.084398820796025 0.017221645086680174 0.9994011978153924 -0.030011010407181203 -2.0059695664690844 -0.9312725959238777 0.005108474372687074 -0.36428732556978277 -20.980430505741875
-0.3594111464182919 0.03934864443553933 0.9323493508397874 63.858180392635845 0.011125874675131184 0.999220282865722 -0.037881937944776435 -2.0440166852274566 -0.9331129849825268 -0.0032419887143955847 -0.3595686954758071 -21.265055110129204
-0.35594141587674005 0.041376800611965726 0.933591810608243 64.5689505171859 0.008880663548268638 0.9991239686540617 -0.04089534296092768 -2.0872049863451965 -0.934466073369495 -0.006265431514847023 -0.3559970534840551 -21.524277960000404
-0.3517435073004812 0.04135822171590413 0.9351823365357435 65.32012768389471 0.0059644322944428264 0.9991022564647769 -0.04194170566856686 -2.129401902109573 -0.9360774170010508 -0.00917489092479972 -0.35167441015399054 -21.802964345565695
-0.345804962306105 0.04187326583907807 0.9373716219581439 66.06219750027604 0.005990022370107595 0.999081903898347 -0.042420147746710594 -2.1752239893070606 -0.9382872948497579 -0.009054220607937834 -0.34573830191736704 -22.078401032067827
-0.34069795707625444 0.037269547573118705 0.9394338097320958 66.79260146672165 0.003270177993367196 0.9992549119451372 -0.03845681850336733 -2.2206258647392554 -0.9401671170488551 -0.010030043728939009 -0.3405659851524191 -22.32934967749322
-0.335454426149283 0.0336069650579039 0.9414567966064348 67.50825731439404 0.0036916142967970992 0.9994027003361347 -0.034360071954523744 -2.2620334790225636 -0.9420492025158425 -0.008050742849783141 -0.33537812328598354 -22.575835918423707
-0.33012612803888275 0.03052219438390623 0.9434432337115168 68.21573927208306 0.002765319895766353 0.9995040703097358 -0.031368239353516625 -2.3079197196262324 -0.9439327796998705 -0.007746553056463708 -0.3300468123218504 -22.811858665484277
-0.324069903331779 0.029084976942144933 0.9455859357407999 68.87676822239948 -0.005079849427499082 0.9994593783950668 -0.032483011989888476 -2.3412886162156394 -0.9460194992093562 -0.015330200729811443 -0.3237469568370626 -23.030141065588417
-0.31704789869102135 0.02951486433105126 0.9479501583517592 69.56772264012426 -0.01307005999019664 0.9992847541756218 -0.03548455444295051 -2.374270589019957 -0.9483194627695118 -0.023640068859497917 -0.31643537045794723 -23.250071004923523
-0.31067101001229114 0.03374673339339583 0.9499182499158629 70.21168005347197 -0.01170016795730665 0.9991580664770383 -0.03932256684949188 -2.4149503568016724 -0.9504454900769997 -0.02333058462913264 -0.3100146032256381 -23.455748801863983
-0.3038267458605319 0.03718893348029541 0.9520012036370521 70.81896407643265 -0.009708303817265696 0.9990651460486913 -0.042125797175776004 -2.4498615631045118 -0.9526778350191559 -0.022041260792006717 -0.303181670761786 -23.64213044969024
-0.2975429627985218 0.03478799563048524 0.9540744104361508 71.45779355805085 -0.010805884388459704 0.9991491739722211 -0.03980152023738612 -2.4884400537604647 -0.954647274207419 -0.022152280032476962 -0.29691389044250305 -23.83191958393814
-0.2908733189533172 0.02959837824482064 0.956303638143428 72.10319429417407 -0.011599843598748275 0.9993388053647788 -0.03445860880210985 -2.5277329162244047 -0.9566912542453602 -0.02111606254416041 -0.29033765851688176 -24.02039467528037
-0.28411311394060634 0.026930998335599816 0.9584124685205313 72.76659501154174 -0.012821485017772473 0.9994093415756952 -0.03188381240017557 -2.564342847602842 -0.9587050370207225 -0.021346880331293505 -0.28360000474473035 -24.216941998693237
-0.2771255692038435 0.030013883846036725 0.9603648190505111 73.43340016299044 -0.014211592495248839 0.9992746176531979 -0.03533085270409919 -2.602294541492549 -0.9607286034735248 -0.023439396121199146 -0.276498002121678 -24.406157946118373
-0.27081359153255785 0.03289347518729652 0.9620696533678516 74.07925627617895 -0.013086109051009267 0.9991978757002937 -0.037846518280016256 -2.6361785560249182 -0.9625428574308456 -0.022839099941051506 -0.2701659177667333 -24.578725945337315
-0.26364304510895503 0.03383903275787512 0.9640265891704892 74.78254198403772 -0.01538839469167591 0.999109784465522 -0.039278949757676804 -2.670612642825869 -0.9644975593927052 -0.025190443570221148 -0.2628876175825813 -24.77272983677831
-0.25670194487692666 0.033422535113345 0.9659125455459201 75.49402505894236 -0.014989678611771013 0.9991440025982603 -0.038556083917306944 -2.7130825052288507 -0.9663743689851844 -0.02437614035322173 -0.2559812156193529 -24.95553826270907
-0.24812866180627027 0.033109618561871036 0.9681611024767085 76.20992176430906 -0.010275168464528448 0.9992695701584042 -0.03680688887232229 -2.757893689279155 -0.9686725907669984 -0.019080862509894467 -0.2476072143186143 -25.142477171486984
-0.24059769957427196 0.03411538284244292 0.9700251994732306 76.90573500225734 -0.00775122989981111 0.9992827239133091 -0.037066914134221945 -2.797778425957782 -0.970593975560637 -0.016437102600739086 -0.24016068842232466 -25.312585637426903
-0.23335336879536794 0.03503891450182453 0.9717605053419212 77.55365707437623 -0.005539410678109015 0.9992864573320362 -0.03736162633136601 -2.831620545651889 -0.9723762235889899 -0.014101441887954737 -0.23299276627288068 -25.47769653085498
-0.22663821364194206 0.03426456116793729 0.9733761143387265 78.23777889709582 -0.011705865853597584 0.9992129858191914 -0.03789962631623714 -2.866931736268299 -0.9739086675976344 -0.019983713825555298 -0.22605874979733065 -25.619470879799586
-0.22143561870895975 0.03231653384431392 0.9746393735157989 78.90070883049503 -0.016069548328991008 0.9991941145721289 -0.03678166691326495 -2.9038498761813005 -0.975042581830904 -0.023806785686136617 -0.220737854868196 -25.7582746564151
-0.21677646565156997 0.03193171500708993 0.9756988928538963 79.5348252234077 -0.012587857497823682 0.9992903780889614 -0.035500508481311595 -2.9446852354774204 -0.9761401076603816 -0.019977633381442813 -0.2162206844435778 -25.89248348971568
-0.21227239971791115 0.03227267659243465 0.9766774813947328 80.17096226698685 -0.011093134788101608 0.99931053631099 -0.03543154496223504 -2.9781046780490605 -0.9771475685271727 -0.018355554020463388 -0.21176804045471598 -26.02690810794109
-0.20691818977231363 0.03314789161598675 0.9777965432659103 80.77151204865531 -0.009880391949559112 0.9993041030300189 -0.035967867914141104 -3.0137991502972574 -0.9783083566014681 -0.017103419213156227 -0.20644668186955167 -26.153921162663597
-0.2011732630116536 0.03242855232368671 0.9790187471358418 81.38507678684346 -0.0033368377434358967 0.999423381270333 -0.03379009446632871 -3.043745665460531 -0.9795499904359725 -0.010064490268239341 -0.20094905392293624 -26.273342910930083
-0.1957059328224335 0.031322979533964415 0.980162261470628 82.01099661217026 0.004280535614397007 0.9995075315724257 -0.031086513874114118 -3.0748400700163923 -0.9806532847408153 -0.0018881957278199272 -0.19574363295887573 -26.400525956401705
-0.1908296130055299 0.030550388343755487 0.9811476609421261 82.63097062761514 0.006372434829745796 0.9995330768182635 -0.02988344726685484 -3.1082105506656337 -0.9816024912735786 0.0005496528505042385 -0.19093519059420191 -26.52575740539745
