1.0 0.0 0.0 0.0 0.0 1.0 0.0 0.0 0.0 0.0 1.0 0.0
0.9999871500150093 -0.0025706284061130856 -0.004369402070920559 0.006525142345578655 0.0025607107069863183 0.9999941360801773 -0.0022738878457154695 -0.0035377487750776824 0.0043752217697856505 0.0022626698516246564 0.9999878688062208 0.4852114515584909
0.9999669845706942 -0.0011223756488092725 -0.00804798369132548 -0.008057016203740205 0.0010890928326906233 0.9999908423210196 -0.0041387378389210715 -0.00560079848710709 0.00805255520904158 0.004129836195358716 0.9999590495653331 0.9747647616425585
0.9999312449380591 -0.0005816374496797911 -0.01171183565887549 -0.026429811992022538 0.0005154920723423944 0.9999839059533748 -0.005649964792374619 -0.011357758151457191 0.011714933399158918 0.005643538970260641 0.9999154518274753 1.4700806937144444
0.9998673692565705 0.0011693623524885424 -0.016244275534277566 -0.045823631640361885 -0.0012678036099028618 0.9999808883529107 -0.0060510827898953255 -0.02102857443133044 0.016236889171010006 0.0060708747814489684 0.9998497426660847 1.9686046254022571
0.9997828825992016 -0.00046347162288903757 -0.020832015161439902 -0.06147413669562146 0.00033617043528864264 0.9999812532475065 -0.006113930240367541 -0.027444693664347125 0.020834458261979796 0.006105599692121027 0.9997642957224113 2.5004755828380585
0.9996853233732497 0.0016002794470671463 -0.025033843848140162 -0.0920136096018315 -0.0017802757938271394 0.9999727141698801 -0.0071694863010210675 -0.03805325342502259 0.02502168759735744 0.00721179737748631 0.9996608950681056 3.0238573264204907
0.9995248604026427 0.004043656375743335 -0.030556542346824075 -0.10550597192699437 -0.0042695727174726725 0.999964007372986 -0.007331760182148027 -0.05354915486589189 0.030525795417787903 0.007458739952112152 0.9995061495620915 3.57636066183239
0.9993970108799175 0.004446611690115141 -0.03443606087758677 -0.13455452759731243 -0.004642085254521415 0.9999735532870666 -0.0055985507881044505 -0.06495004256342775 0.034410255575589466 0.005755030053315333 0.9993912216646232 4.135684748286302
0.999226686303751 0.003826836600283594 -0.03913291070264778 -0.15927960941423816 -0.003953027659722104 0.99998723234906 -0.0031478105387214095 -0.07113344530949417 0.03912036491072469 0.0033000697721323026 0.9992290561171403 4.727998057511206
0.9991097870153773 0.0033360405568307375 -0.042053588711205896 -0.1935954044942957 -0.0033714652211287717 0.9999940190063582 -0.0007714750634091975 -0.07925604270822628 0.04205076351686042 0.0009125704980546246 0.9991150586908073 5.310674587118337
0.9989985174735274 0.004390672979508851 -0.044527340774871256 -0.22846023322569653 -0.004461327609310639 0.9999889418612737 -0.0014875184476307575 -0.08633418267859008 0.044520317178306644 0.001684679778666484 0.9990070586399209 5.901564833517414
0.9989386554720391 0.003736239473431968 -0.04590863882006387 -0.26992473219870894 -0.0038118085867635577 0.9999915203385562 -0.0015586424479364185 -0.09539499437547225 0.0459024260689116 0.0017319831349649224 0.9989444266401452 6.492389478532873
0.9988725601294354 0.0007515131663842147 -0.04746623903815335 -0.3023906790141294 -0.0008161772111199715 0.9999987651693714 -0.001342949921655662 -0.10879938527934423 0.04746517118084086 0.0013801766889710554 0.998871940058925 7.094909623421628
0.9988238616617452 0.0012424908410980232 -0.04847008965978488 -0.3482028683972261 -0.0012795727223880078 0.9999989119495624 -0.0007340254349993924 -0.11497032938166178 0.048469124902003724 0.0007951831241251338 0.9988243647483941 7.705800894987678
0.9987139845789816 -0.00029050470558893664 -0.05069805334910324 -0.37552069738446675 0.00026649242651848406 0.9999998491025561 -0.0004803921846054078 -0.12859654011513366 0.050698185255087964 0.0004662637455918174 0.998713911292899 8.319955357263925
0.9986152337153577 0.002502612352170881 -0.05254856727861899 -0.4179827366051162 -0.002644925078909743 0.9999930204064814 -0.002638846272354249 -0.13902805874091134 0.05254159650170396 0.002774179110462662 0.9986148830091186 8.932217631996181
0.998539586321139 0.003121119217983948 -0.053934712054804185 -0.46139289660736366 -0.003404617468949282 0.999980864245733 -0.0051652417413366155 -0.15148534471621214 0.05391755863814465 0.0053413254144882094 0.9985311047300025 9.544523066188395
0.9984180951575778 0.007263677511049802 -0.05575433840453723 -0.5086936555570777 -0.0076566063358981355 0.99994731364819 -0.006837127114879401 -0.16283653012408025 0.055701738225385766 0.007253200451070875 0.9984211072698171 10.161734395984197
0.9983560665919701 0.008436327538649922 -0.056692086543615544 -0.5551074394451289 -0.008809469953933304 0.9999411273734677 -0.0063352210859835304 -0.17460484271857776 0.0566353029314672 0.006824233637425563 0.9983716103220901 10.787404619689614
0.9983192309832675 0.007469793064095443 -0.0574709947761065 -0.6037505030482966 -0.00774207944530137 0.9999598294343631 -0.004516605302779228 -0.1896111902080982 0.0574349480267759 0.004953958939883384 0.9983369596664162 11.408239143679065
0.9982248920539006 0.00810022593267365 -0.05900382380672486 -0.6480236533980331 -0.008303400813454043 0.9999604090253895 -0.0031990493442335417 -0.19768014883297205 0.05897557476537768 0.003683303084917064 0.9982526307801438 12.042025973527126
0.9981296419943649 0.006979834292130486 -0.060733019729405376 -0.6893828892677512 -0.007180756391383177 0.9999694418280671 -0.003090654900128418 -0.20689997607151162 0.06070959158029057 0.00352098328858403 0.9981492614668588 12.682741564016313
0.9980258276864962 0.007094042557094503 -0.062402899218542064 -0.7370107147051644 -0.0073360056809533445 0.9999664327305169 -0.003649168789304911 -0.21892406620881816 0.06237491716491932 0.004099752724489729 0.9980443686210885 13.316677227528206
0.9979455243845075 0.005916127495506438 -0.06379443389814196 -0.7810358745574864 -0.006202378887204208 0.9999715628696033 -0.004289982314792631 -0.23074769350614333 0.06376723968518005 0.004676845900667737 0.9979538397417758 13.951814148909428
0.9978968832584124 0.005444976797199942 -0.06459227980820212 -0.8332053163730851 -0.005656229058112226 0.9999792350350168 -0.003088134003488806 -0.23484203214379554 0.0645741237337793 0.003446988027147436 0.9979069600005576 14.610692511482148
0.997863716683076 0.0070287838391372695 -0.0649507438385187 -0.8841049169662709 -0.0070209983889679695 0.9999752918919534 0.00034811955350959285 -0.24647378227709688 0.06495158588561524 0.0001086431963381339 0.9978884104385614 15.269347939616491
0.997954195082814 0.007965396646442092 -0.06343482460662632 -0.9408691965198537 -0.007746088522492008 0.9999631444682021 0.003702407036905975 -0.251959382016653 0.06346197782302765 -0.0032034608675719487 0.9979791156177863 15.929390871769492
0.9981176453488655 0.006374639665598989 -0.06099614752069006 -0.9974459216769029 -0.005981934125265677 0.9999602041951602 0.006618647149860076 -0.25896664995162116 0.0610359116205626 -0.0062413135722487485 0.9981160571283978 16.590870217903255
0.998221586493263 0.005582096570443765 -0.059350690448776985 -1.0456307783699923 -0.0051548848079607055 0.999959710583406 0.00734876673781812 -0.258567277778775 0.059389320769689655 -0.007029751619256536 0.9982101437927215 17.27004408664445
0.9983090642917003 0.0058310412153440285 -0.057836071022937065 -1.0933343194752427 -0.005573534557701003 0.9999738291648405 0.004612667117777254 -0.2706620800133098 0.057861454056733624 -0.004282516053708479 0.9983154372194639 17.92378244995593
0.9983842590828272 0.007112456216234918 -0.05637627322022732 -1.1488399299153547 -0.007158657726102411 0.9999741857552483 -0.0006176104656190093 -0.2740678130894845 0.05637042518191799 0.0010201910109765078 0.9984094021868535 18.580493307408965
0.9983933409601135 0.006459195949452208 -0.05629400957637354 -1.18815312610869 -0.006674202762238531 0.9999711307171371 -0.003632182508910428 -0.2814925524544136 0.05626892343013952 0.004002064464260929 0.9984076280437947 19.24078722633006
0.9984303286794162 0.004233976429100069 -0.055847580222482845 -1.2296979283631562 -0.0043791565095088044 0.9999873425237795 -0.002477454438178975 -0.290869076923575 0.055836383849369974 0.0027181309434717495 0.9984362323167159 19.911735988892143
0.9984318049869729 0.002756670863839362 -0.055913607969788746 -1.2707319482858999 -0.0026325580774288443 0.9999939052834247 0.0022932583746017843 -0.3002992359536336 0.05591958895074118 -0.002142466277955268 0.9984329769242535 20.592589286852405
0.9984261832795633 -0.0003149922400459491 -0.05608081063686081 -1.3190463681019502 0.000628946101010629 0.9999842301019709 0.005580678647749503 -0.3127172382079387 0.05607816837772861 -0.005607167489573053 0.9984106363136072 21.268939116706076
0.9983227240386785 -0.00840853804433133 -0.05728032084358974 -1.3616868553910377 0.008721782010066795 0.9999483355069538 0.00522080792985235 -0.3197862256716346 0.057233462122752675 -0.005711637666076587 0.998344483637093 21.967254277156538
0.9981821486498456 -0.011407362332780294 -0.0591799814243091 -1.4013985591596494 0.011523209044420175 0.9999322988053396 0.0016166196790731594 -0.32869314614289347 0.059157533502434356 -0.002295624202003287 0.9982460199467015 22.643965374491252
0.9981006770905387 -0.01130128477580829 -0.060558396228923346 -1.4491165232565184 0.011193277126864413 0.999935100711627 -0.002122477794785805 -0.33734951642055205 0.06057845275809254 0.0014405996127363555 0.9981623994792581 23.332672554092436
0.9979872469788469 -0.009974919808975203 -0.0626255206954969 -1.5030608406441552 0.009785927209348459 0.9999465924687188 -0.003323828944322886 -0.3455003965891027 0.06265533094822028 0.0027042901105996243 0.998031560782907 24.008641146801512
0.99792043987134 -0.010372938060128385 -0.06361759067261116 -1.5559292134445954 0.010277333609944378 0.9999455125199473 -0.0018298647732872036 -0.3579602617776777 0.06363310538436075 0.0011722402566604572 0.9979726718462397 24.69571145425515
0.9979217821444236 -0.0074892436297492124 -0.06400021837109238 -1.61812320753928 0.007579151641380963 0.9999706025164071 0.001162137414054449 -0.3712566555150337 0.06398963339549829 -0.0016447895994459347 0.9979492078683575 25.379184270841062
0.9978095512996124 -0.0076158004806987836 -0.06571224329073062 -1.6662095722327055 0.007775186478598408 0.9999674180117573 0.0021701129281606634 -0.3753245794479301 0.06569357510811141 -0.0026762843526299575 0.9978362549494668 26.103893394408257
0.9977435327345571 -0.0067116668766417035 -0.06680416464636471 -1.7124464867016136 0.007065091545837737 0.999962261932111 0.005055610058491404 -0.3891833217650276 0.06676771201569381 -0.005516179778757368 0.9977532983622939 26.796972682055692
0.9977466774999063 -0.006743501577805655 -0.0667539715999341 -1.7678209237523983 0.007299068727427375 0.9999406989471592 0.008082214101119416 -0.39878530596939255 0.06669551059559448 -0.008551244092771524 0.9977367313529443 27.500603580273363
0.9977476197952985 -0.0015292203814934963 -0.06706227462469193 -1.8341970196848438 0.002229057783999183 0.9999438280370587 0.010362049603537659 -0.4025294310203735 0.06704266174763977 -0.01048819601339545 0.9976949830735717 28.21657272516167
0.9977337525800122 -0.002223764012509761 -0.06724889468399795 -1.8924234039299324 0.0029193065327960937 0.9999432438041681 0.010246307616068309 -0.4137599255190875 0.06722229252242462 -0.010419407085443384 0.9976836168565744 28.91905245173533
0.9977376009106829 -0.002419261452358588 -0.06718501993016171 -1.9493574924601087 0.002986352538123077 0.9999607490378783 0.008341587506004815 -0.41782134596544446 0.06716220237238514 -0.008523353660820123 0.9977056635174834 29.62803578576151
0.997759375590215 0.00019270133073045397 -0.06690434431348777 -2.0065844193515288 0.00020555647095860327 0.9999823029840773 0.005945709814278883 -0.42254002988922534 0.0669043060524351 -0.005946140332644429 0.997741678615655 30.332798403697964
0.997686935935963 -4.2366172815908696e-06 -0.06797630355319141 -2.0656370491387466 0.00040455801593090575 0.9999826580496893 0.005875366600336901 -0.4287392377171002 0.06797509981983368 -0.005889276859486466 0.9976696358126543 31.03938789412883
0.9976054180161606 -0.0014510032908004943 -0.06914712238587067 -2.1210240195426646 0.001940693994657109 0.9999735098757032 0.0070152158687121794 -0.4376614444098489 0.06913511156869323 -0.007132610764342347 0.9975818072780133 31.741200662811426
0.9975555247395529 -0.0008578418094032592 -0.06987302175389289 -2.1835454865053414 0.0014355355993193651 0.9999652014844702 0.008217971627175495 -0.4468285926239893 0.06986354055681045 -0.00829818820900162 0.9975220427505916 32.458247655577175
0.9975025317386768 0.0013699713492815173 -0.07061743661041996 -2.2447005006548686 -0.0010312916756108651 0.99998779299797 0.004832214039956113 -0.4569105350584125 0.07062319457801668 -0.004747318564230176 0.9974917680632978 33.154792930133084
0.9974617230381453 0.0012603815119809514 -0.07119355667624234 -2.308633468152116 -0.001192605804135665 0.999998794338786 0.0009944910100561654 -0.47115003604062505 0.07119472427901576 -0.0009070608675275008 0.9974620235755425 33.828944732904425
0.9974561747064903 0.002353570260191891 -0.07124352775460133 -2.3760228596195776 -0.0023536951174065873 0.9999972266776267 8.219700698226172e-05 -0.4842802474187622 0.07124352362976348 8.56976312658863e-05 0.9974589480257969 34.50690970407587
0.9974637823082134 0.0008111763732610427 -0.07117123700118955 -2.4376150973033877 -0.000554892293846932 0.9999932914804073 0.0036206475555440837 -0.4907150244531867 0.0711736965313052 -0.003571972434202604 0.9974575409184077 35.18376320566326
0.9974429278262559 -0.0012073407803773588 -0.07145731633374931 -2.4913356649778002 0.0017082483930423952 0.9999743950005129 0.006949189217705646 -0.4986022134306891 0.07144709662966872 -0.007053486485125338 0.9974194507385511 35.87433036369998
0.9974321478723333 -0.0029612013150798907 -0.07155656278462721 -2.549845171135486 0.003502739150148588 0.9999661607163886 0.007443671175528068 -0.5047244329721516 0.07153209915293145 -0.007675200902578248 0.9974087677987789 36.5517318596895
0.9974521315197781 -0.005636189053979308 -0.0711159524972711 -2.6049494272226874 0.006098657626170489 0.9999616357105061 0.0062875656915218625 -0.516033200548178 0.07107778627535573 -0.006705257647119108 0.9974482381648074 37.20981774288048
0.997414609323629 -0.008589457830330067 -0.07134646677985751 -2.663557530983389 0.008967498316821705 0.9999473902296333 0.004980034827130748 -0.5243754878294281 0.0712999374594832 -0.0056069588122804 0.997439161518711 37.868729075610034
0.9973421760341218 -0.009989144849957539 -0.07217202289450987 -2.7162086808258317 0.010474120414220398 0.999925018058051 0.006344372557664319 -0.5337302635707801 0.07210323643961897 -0.007083448790567238 0.9973720208869716 38.52007433082692
0.9971764939662865 -0.012894261716218708 -0.07397822582283611 -2.765715785483236 0.013698168318485983 0.9998524037379285 0.010369711866804117 -0.5395641578145751 0.07383359713449837 -0.01135379911200469 0.9972059422104859 39.186498278443935
0.9971585559457463 -0.013428045508589231 -0.07412490740641299 -2.8258324319479553 0.014622365621901655 0.9997714941372228 0.015593137408506801 -0.5460350232473397 0.07389858407175041 -0.01663271187871664 0.9971270491606112 39.86944390445448
0.9970955675742292 -0.01153181705918002 -0.07528244363153863 -2.8819693153701014 0.01293517559310623 0.9997510473317319 0.01818033529603772 -0.5539591724028001 0.07505404956561508 -0.01910132336814484 0.9969965040507344 40.55960091249897
0.9969282259314235 -0.010409935103514087 -0.0776256761153235 -2.9418203311736426 0.0115174570335992 0.9998379790423484 0.013833432256253445 -0.5553251823557648 0.07746909399689517 -0.014684989467131832 0.9968865986458283 41.24227826016064
0.9968877715652273 -0.00858199431090216 -0.07836530021227132 -3.010155473089364 0.009099192785993998 0.9999390995973455 0.006245141078421274 -0.5632398433255775 0.07830693196872922 -0.006938765747141854 0.9969051499192636 41.89199245616922
0.996880285260533 -0.00710405889178849 -0.07860807341575926 -3.076904822654835 0.007265211176186296 0.9999720516478567 0.0017642646450806976 -0.5731153831082959 0.07859334300970353 -0.0023298648961820136 0.9969040365873352 42.537069848663464
0.9968399809118944 -0.002497550140754663 -0.07939656603950025 -3.143413398654731 0.0027467454458974553 0.9999916385520443 0.003029556972514134 -0.5838225224465142 0.079388335698803 -0.00323806567084162 0.9968385060207514 43.18346476368236
0.9967801576272703 0.000998817245687562 -0.08017680290870026 -3.21103612947975 -0.0005645543499795397 0.9999850502449558 0.005438801795936753 -0.5946762961044193 0.08018103665416688 -0.00537602554860803 0.9967658198947045 43.821327663549866
0.996706273300496 0.003187621708635369 -0.08103359692915005 -3.2705520911900514 -0.0026038177931688783 0.999969898001038 0.007309119282766849 -0.609586274127082 0.08105445636319683 -0.007074048319907039 0.9966845704354176 44.43728306003728
0.9966190464172017 0.0038604791242660506 -0.08207053685333976 -3.3310255386277823 -0.0033167508709340057 0.9999716474350994 0.006760435606492259 -0.6159187939051296 0.08209430846364765 -0.006465371362921211 0.9966035939585075 45.05873778934914
0.9964652594795294 0.005501734391980852 -0.08382551860305118 -3.3933783467967658 -0.0048896325100416145 0.9999598775763869 0.007505646629684761 -0.6228833989802647 0.08386344939428143 -0.007069240135478249 0.9964521803376208 45.67860872080793
0.9963177162065731 0.006744911867050708 -0.08547230274668433 -3.4520334009333276 -0.006088035461748558 0.9999499163895639 0.007943584626357084 -0.6347049481613055 0.0855216007633844 -0.007393975683306939 0.9963088802808402 46.26964921493828
0.9961936999679057 0.0070898807728826405 -0.08687833869772776 -3.5150331297294235 -0.006425856171823568 0.9999479861580264 0.007920438811194277 -0.6404016918591537 0.08692997478838878 -0.0073320235357747935 0.9961874426603458 46.86504557086352
0.9961203942127818 0.00670926711430701 -0.08774477744092923 -3.5789761988020072 -0.005956524499748231 0.9999432049674367 0.008837796972670115 -0.6466621482032452 0.0877990891140296 -0.008280855887837177 0.9961037834365002 47.456532418355714
0.9959934502841821 0.009597745934628175 -0.08890967474904928 -3.6420802085404027 -0.008558157381685643 0.9998905729909519 0.01206648192521945 -0.6586119785631649 0.08901575665710981 -0.011257233976234566 0.995966600720107 48.034205117382854
0.9958372607122391 0.010620518278796889 -0.09052819874840244 -3.703666974646094 -0.00916353693770669 0.9998219613071679 0.016494704564638567 -0.6666794032671017 0.09068726353756565 -0.015596482916772706 0.9957572846596169 48.61009752776974
0.9955943684849599 0.014044545739556687 -0.0927070880569543 -3.7658643299483474 -0.01239399698694071 0.9997546977821076 0.01835573755778004 -0.6724742371378907 0.09294214479835382 -0.01712585757186815 0.9955242150358316 49.19266316158401
0.9954788817151106 0.016799655291218584 -0.09348565473550693 -3.8404832410644256 -0.015554709365880838 0.999780583874743 0.014029794140179625 -0.6742057531208728 0.09370083818074039 -0.012512221592069847 0.9955217713516145 49.76026666560954
0.9953790799309276 0.016457768690513238 -0.0946024792782195 -3.9043887654259573 -0.015884886984666315 0.9998506659251976 0.006805601694177879 -0.6819049634758633 0.09470035692298573 -0.005271403860923845 0.9954918657126198 50.28952117433318
0.9953333782047443 0.015106513880906199 -0.09530613553121484 -3.965678335002972 -0.015085002600292574 0.9998857671471238 0.0009462310254207604 -0.6893701692547907 0.09530954269157732 0.0004958779792175973 0.9954475602345665 50.79587435030144
0.995247538549718 0.015709797143271215 -0.09610171322323655 -4.028995653085456 -0.015883648995274106 0.9998733015744706 -0.0010442668050290504 -0.6843211835345517 0.09607313206781071 0.002565749847976228 0.995370971157185 51.30536242418024
0.9950963829052613 0.018455604487925947 -0.0971729354905337 -4.08712940848726 -0.018285936254334074 0.9998293224328969 0.0026363874286216326 -0.6963525351503872 0.09720500637397624 -0.0008465614901323796 0.9952640202827979 51.787112643770804
0.99493427671595 0.018524958076200908 -0.09880592565216517 -4.135382850934915 -0.018120750958848263 0.9998233692859246 0.004986844134953864 -0.7087008214133369 0.09888085456949568 -0.0031711445905046737 0.99509422691602 52.258832972642836
0.9948883853584579 0.015429086163416102 -0.09979500979007017 -4.1877271067356805 -0.015306822888537214 0.9998808619318927 0.001990757491494967 -0.7218211565307502 0.09981383597426471 -0.00045303696633770726 0.995006026567482 52.70856574307053
0.9949795190573337 0.007472190795714322 -0.09979941393188026 -4.228899636379735 -0.007779085734837651 0.9999661341794538 -0.0026863207783516443 -0.7370224803822288 0.09977596144144403 0.0034491823533402354 0.9950039500723239 53.135360895929495
0.9951804722804249 0.0029759980636393153 -0.09801515713007428 -4.273038559249683 -0.0037071920522032237 0.9999666378150696 -0.0072787350486776875 -0.7497541123857445 0.09799022562886647 0.007607015994854782 0.9951583034818413 53.54230472588069
0.9954992906387806 0.005645772425785428 -0.09460067437073878 -4.327242545188483 -0.006402785821541157 0.9999498514934236 -0.007700573485042032 -0.7570131077992241 0.09455245460275435 0.008271623298439909 0.9954855165076997 53.93835836736085
0.9958034828583144 0.010906724054859419 -0.0908651027492933 -4.373518420703564 -0.011384343306567584 0.9999239630611721 -0.0047397071125693776 -0.7652069363111761 0.0908064989674573 0.005754256374708976 0.995851930900797 54.33482681122912
0.9961976869710916 0.009316569724252873 -0.08662199490901912 -4.409114544407965 -0.009489226899960035 0.9999537253780415 -0.0015816685533153068 -0.7742066819263291 0.08660325078359477 0.0023976303185860286 0.9962399953437765 54.720447454594684
0.9967433384233544 0.00523093567586186 -0.08046958817229716 -4.443426345017932 -0.005062093859446663 0.9999845377248856 0.0023020679616446065 -0.7777280002461242 0.08048038589881627 -0.0018872262972083784 0.9967544059910042 55.09890091976447
0.9973591966333001 0.0008460853238165954 -0.07262173938017441 -4.467224363499275 -0.0004416010995802239 0.9999843028198786 0.005585615660226214 -0.7840108380009372 0.07262532533108622 -0.005538795307622482 0.997343914538557 55.471854607613984
0.998059177744837 0.0043286566019412375 -0.062121980420151976 -4.496861819910232 -0.003987007598023195 0.9999762450408428 0.005622554972878226 -0.793357680244363 0.06214484282474847 -0.005363961785117162 0.998052727276597 55.82956644368034
0.9988381813013815 0.009958701515317123 -0.04714988694236055 -4.524625764850994 -0.009746286372420518 0.9999413032260392 0.004732864307159221 -0.794289265604714 0.04719425257905293 -0.004267829276342229 0.9988766130792984 56.18422197981132
0.9994585679423956 0.014903746535494066 -0.029333416196238374 -4.54033524041814 -0.014755640917019603 0.9998772991651342 0.0052590565082725905 -0.7974315666663622 0.02940819660679775 -0.004823375730225661 0.9995558478738938 56.53272829672869
0.9998851825012046 0.01342008356650815 -0.007037270181029574 -4.53893457788571 -0.013378366420084203 0.9998928504014587 0.005941971723975181 -0.804799700230349 0.007116257897441351 -0.005847142302565552 0.9999575840006556 56.86884454266426
0.999792908545384 0.009172888884512734 0.01816585070602247 -4.511764937149749 -0.009300383550470456 0.999932623151831 0.006946367576254587 -0.8113642404397027 -0.018100908490328752 -0.007113878421976096 0.9998108570352794 57.20196070644396
0.9988468821443551 0.008155229646453314 0.04731171377062438 -4.4861076330848055 -0.008577202759814967 0.9999251689645579 0.008722847242133062 -0.8197910722485705 -0.047237036563663064 -0.009118590933151675 0.9988420864561498 57.525424754041616
0.9968001476021037 0.007335629263547828 0.07959682332688836 -4.447839264509845 -0.008209698395586707 0.9999094837302375 0.010659512117120296 -0.8284098589320964 -0.07951142429033377 -0.011278869164473116 0.9967701442748428 57.84703204229082
0.9930834956424149 0.007114458322193247 0.11719451849563152 -4.396103372046766 -0.008485420225550875 0.999901236046137 0.011203383283424408 -0.831197089373133 -0.1171032378981758 -0.012120339771691989 0.9930457839584135 58.16839362836156
0.9874019662198625 0.0074755355045126445 0.15805528613137107 -4.3335791523892695 -0.009366570202392179 0.9998931516278815 0.011222864620855973 -0.8331350766445494 -0.15795450125840732 -0.012561914526661777 0.9873664840552521 58.47338318330012
0.9793061784465479 0.0074714105679253 0.20224635195855206 -4.253704043700402 -0.009902249731181624 0.9998903560853327 0.01101005257933471 -0.8325961181113166 -0.20214191625360126 -0.012784906400278483 0.9792727872567764 58.77617635641395
0.9682582260884242 0.00944654558274313 0.2497734381167271 -4.158094505908405 -0.012121047746360154 0.9998844732808913 0.009171711580581544 -0.8428889443715122 -0.2496579416193831 -0.01190810095439456 0.9682608684223638 59.05905712301122
0.9533080513916694 0.010508555680579684 0.3018167149269988 -4.0400319988467635 -0.012942711330770962 0.9998978379339849 0.006066293624865885 -0.8476534658947391 -0.3017221327235124 -0.009689373170792792 0.9533466686742706 59.340682344995635
0.9340954005716803 0.010338436837084611 0.35687378630910366 -3.918383276316106 -0.012787882436205033 0.9999080845672813 0.004504717502917567 -0.859997124090797 -0.3567944123632363 -0.008771495924234481 0.9341417495035864 59.59812369447956
0.9106721757540522 0.010586790941914757 0.4129940776390514 -3.778732292393977 -0.012740175279585106 0.9999158130860036 0.002460624797572442 -0.8622764792965656 -0.41293325882183807 -0.007502439476672025 0.9107303866461647 59.847393850456086
0.881684771789246 0.01128353320873024 0.4717039803449523 -3.6334210438055825 -0.012449146427488645 0.9999222953472884 -0.0006496311491540229 -0.8572391174035611 -0.47167465688562205 -0.005299542030254754 0.881756731137391 60.09000045783941
0.8487195113490782 0.009194860433360489 0.5287633171816974 -3.472032517558769 -0.009483462656636554 0.9999526837422535 -0.002166613185733412 -0.8672059444009469 -0.5287582197861517 -0.003175660288414708 0.8487665522334806 60.306848379060376
0.8133248278953717 0.008679752555107301 0.5817451213586117 -3.2884322269146753 -0.008534828922926755 0.9999591157251984 -0.002987235064053233 -0.8779194402686311 -0.5817472655923864 -0.0025355026431898918 0.8133656559027589 60.507501280994916
0.7744832376251389 0.007041314821519817 0.6325552422700068 -3.0980577199179895 -0.007849298936573134 0.9999680374478733 -0.0015207198444718486 -0.8875009246281129 -0.632545732057284 -0.0037873431618073517 0.7745137525492282 60.69926076394265
0.7328014266942781 0.006283790896720337 0.6804135382300949 -2.8994990418452335 -0.009483149280574164 0.999954555211575 0.0009784637632539036 -0.8972832396055913 -0.680376468519121 -0.0071694827972418294 0.7328277148156086 60.88084970820042
0.6880964136268737 0.005100531765389747 0.7256013438035683 -2.6879888713643822 -0.009127865821510584 0.9999570165762709 0.001626980460906257 -0.9055569276402665 -0.7255618565080281 -0.0077427111263386125 0.6881133938567358 61.054319791331366
0.6423982810265865 0.00377145316657776 0.766361680066989 -2.463110531674957 -0.00541544102068137 0.9999852635395928 -0.00038170956825072245 -0.9070580898976729 -0.766351826208195 -0.003904976908418691 0.6424092384319411 61.20698404224635
0.5963711324718232 0.0007786674845208553 0.8027084564343536 -2.228615500495486 -0.00044484676911160865 0.9999996965425021 -0.0006395515988937646 -0.9175224518969674 -0.8027087108444908 2.4327847921688794e-05 0.5963712978862487 61.344703625708306
0.5498322823353073 0.002712488337330442 0.835270676911961 -1.990277377428776 -0.002928135218332683 0.9999948419034069 -0.0013199207232421977 -0.9273427689220616 -0.8352699487746983 -0.0017200504621458568 0.5498373887799171 61.48387130490447
0.502398574163493 0.00595875481135284 0.8646156174390941 -1.7574971624980202 -0.007615175776555199 0.999967961836525 -0.002466657331456442 -0.9361727441060707 -0.8646026149488435 -0.005344954779680791 0.5024278552011442 61.61287455127885
0.4588441314737556 0.008189343475109903 0.8884790361429695 -1.5072261721396634 -0.008130741972242837 0.9999543552251275 -0.0050178183778370146 -0.9409606030414226 -0.88847957435558 -0.004921597275154784 0.45888977307539297 61.70855711112483
0.41763379947851326 0.004994632153665777 0.9086017076710727 -1.2475182572286605 -4.608205002650187e-05 0.9999850066895584 -0.005475789671042607 -0.9446595597243268 -0.9086154342787613 0.002245004616116075 0.41762776792819734 61.79397014010564
0.3790642360431932 -0.0027545394302333345 0.9253662612530872 -0.9807879323525781 0.015687235064313493 0.9998709966067579 -0.003449753706886856 -0.9460671237670608 -0.9252373833827854 0.015824116314300904 0.3790585465780249 61.86067950851942
0.34387238251755387 -0.006547720164320363 0.9389935632912242 -0.7105208341661562 0.01982539098683946 0.9998034159752776 -0.00028857646787384847 -0.9487016303202911 -0.9388070826394077 0.0187151480039214 0.34393459381293956 61.938581689369606
0.3111815282158873 -0.002096380699355014 0.9503481791876005 -0.44517772115894744 0.01714341909326197 0.999847233162257 -0.0034078614357449556 -0.9543554587426948 -0.9501958533265723 0.01735268064985563 0.3111699291307675 62.01630788354448
0.27982800304987254 0.005930147411080552 0.9600318338788578 -0.18142531984223337 0.005805848257944962 0.999952184238673 -0.007869012791042523 -0.966602967500166 -0.9600325936316545 0.007775769285589847 0.2797801933248519 62.100324793443114
0.2519071207154222 0.010126145035845172 0.9676984363527608 0.09496744357583925 0.000574258939731121 0.99994351509098 -0.010613051123888606 -0.9821692372520703 -0.967751245289579 0.003229212628664818 0.25188707673531696 62.16734532365688
0.22629636887042726 0.011826185788620758 0.9739867015343445 0.3842950339501574 0.0019686842431117634 0.9999186982662274 -0.01259845783885193 -0.9926831909821279 -0.9740565064298916 0.004768457534611404 0.2262546885576752 62.22729073782017
0.20306791535684504 0.01318255987171608 0.9790759122089837 0.6794288204862947 0.010278001521798677 0.999825584759715 -0.015593676430043613 -0.9971453666494685 -0.9791107110216588 0.013229519081039467 0.2028970068471729 62.27514564804205
0.18363201801656504 0.019496878020026392 0.982801685848491 0.970840855513956 0.017451508377843226 0.9995810494682648 -0.023090482871810595 -0.9986926121321057 -0.9828401328875908 0.021391523821071838 0.18321483535486688 62.3126711937735
0.1646081882745029 0.026304508115258113 0.9860082237008979 1.269397673430516 0.019665120707279715 0.9993581250726178 -0.029943628352337992 -0.9988802360042749 -0.9861629821589071 0.024318937150893043 0.16398524907837728 62.35417810418029
0.14725822461354074 0.027434170892482537 0.9887175438673624 1.579317165941148 0.017061803197495472 0.9993960792226448 -0.030271632034737133 -1.0069757331189617 -0.988950913926123 0.02132705094096605 0.14670121588740792 62.40297981839855
0.1308857551969268 0.023433249618051332 0.9911204779939056 1.8990912023480542 0.014862021319830783 0.9995618997416073 -0.02559548607136695 -1.0215540101101623 -0.9912860532706063 0.018080138198549818 0.13048014865834046 62.45462361131032
0.11686307829104256 0.019731369182253676 0.9929520099191779 2.2326851158840553 0.014997375196988695 0.9996535591663058 -0.021629618196573497 -1.039306178619041 -0.9930347927789533 0.017419377610073825 0.11652667340199649 62.486795452282514
0.10388154377986807 0.01663019986943227 0.9944506329196107 2.5821073238614596 0.01702289298069896 0.9996840105471765 -0.01849595012083271 -1.0561428008680955 -0.9944439883555409 0.018849814551006448 0.10356562419506732 62.51994458949504
0.09233886010979041 0.01582536251657626 0.9956018746541428 2.9463304638170342 0.02027061387262773 0.9996366069867014 -0.017769529688035843 -1.0685162921592588 -0.9955212891379307 0.021822279288058737 0.09198451500020435 62.54632760598286
0.08236179208802494 0.01602352837842479 0.9964736733814671 3.3235059023978577 0.023774122932902188 0.9995546102028913 -0.018038079191247443 -1.0824766591349162 -0.9963188878480705 0.025175936138388467 0.08194416365267145 62.57361834107234
0.07497317767076318 0.016453863843135103 0.997049794641461 3.7108871007563207 0.02637910195107628 0.9994812267096278 -0.01847756572885105 -1.0935543976828115 -0.9968365791894874 0.02768660000145907 0.0745002454368877 62.60081572426455
0.06938095308352304 0.016795968495628356 0.9974488351747752 4.111438833027273 0.027583265685223204 0.9994436793369663 -0.018748207581415183 -1.1060454478959438 -0.9972088280813393 0.02881366473864908 0.06887906736424779 62.63716537898552
0.06359357405888036 0.017578932704025524 0.997821045309932 4.510742236626047 0.028897415190013223 0.9993931667622578 -0.019448332170973026 -1.1201640184673465 -0.9975574152567616 0.030071237983891216 0.0630469976474907 62.66812615416437
0.05757637836215484 0.017940178508972497 0.9981798989409498 4.923311102351668 0.0298491906267346 0.999360595469058 -0.019683141076798295 -1.1334140489600664 -0.9978947772554096 0.030928146061256982 0.057004063956764495 62.696670683926705
0.05366942308232955 0.017895066828533732 0.9983983972389042 5.350847061585675 0.03267502132652137 0.9992725075513987 -0.01966719688317916 -1.145619257579935 -0.9980240157467745 0.033678216032513315 0.0530456572920561 62.70946180209602
0.050614628442020804 0.01741771824462542 0.9985663635827254 5.787153077286584 0.033909556717980543 0.9992414550225857 -0.01914827740366318 -1.161940197240425 -0.9981424253837033 0.034830125688667744 0.0499856078651201 62.73971679468307
0.0475739231920441 0.016843976135788162 0.9987256892160408 6.2381865508536105 0.03449040694483944 0.9992338709651507 -0.018495484442746353 -1.1767377957451683 -0.998272073966257 0.035326358203606044 0.04695651983669412 62.76538033249133
0.04545681589436658 0.016009966139283786 0.9988380043195022 6.7019282406205045 0.03690661181035488 0.9991620474977855 -0.017694768851419934 -1.191707729566309 -0.99828431816463 0.03766807433682237 0.044827851636347345 62.78302871057471
0.04530224194566726 0.015451063625479237 0.9988538288996739 7.181300387734046 0.04195518994787361 0.9989687393454142 -0.017355686303455145 -1.2051699978914434 -0.9980919140595867 0.04269335362169949 0.04460727121668212 62.797751536984926
0.045994229490020494 0.015306560076905827 0.9988244290525903 7.671534404560879 0.04516907664154699 0.998828043978737 -0.017386577493941274 -1.215294143461795 -0.997919979441721 0.045915659422628416 0.04524894309059574 62.82626643486117
0.0487805383114277 0.015709398078281048 0.9986859736143625 8.16251956864012 0.046682821518254695 0.9987477425445204 -0.017990579126640486 -1.2219388260182202 -0.9977179828273807 0.047499069193355746 0.04798609349199893 62.853176702006294
0.05238341214393093 0.015502116090619026 0.998506716316357 8.664730441450336 0.048952564947397095 0.9986375913657667 -0.01807228530772848 -1.2392170348365745 -0.9974265008095711 0.049826152850546174 0.05155317618618893 62.88512010610021
0.056874713053072505 0.01489227615362317 0.9982702475412641 9.1925784090088 0.04963880643968158 0.9986099328989605 -0.01772542836633714 -1.2528682332558108 -0.9971465568863837 0.05056107224427231 0.056056418572142 62.91439997990972
0.06043142844394471 0.01306808908423461 0.998086803591708 9.721792755271128 0.050889168764742726 0.9985736262530979 -0.016155663222674248 -1.2677970375637915 -0.9968742824241447 0.0517681175958467 0.059680206450085795 62.960724287422465
0.06460423467980661 0.011153056107614216 0.9978486369188958 10.2657268016114 0.050866480489451464 0.9986008520373966 -0.014454738766091116 -1.2889513723331854 -0.9966137135440423 0.05169088555674117 0.06394652708558476 63.004765387566096
0.06816139776000947 0.00927464278413557 0.9976311968140481 10.823133203655688 0.04762441699026232 0.9987866050346828 -0.012539238797653241 -1.3014670176857746 -0.9965369731032228 0.048366296162861554 0.06763699160775276 63.058153670444796
0.07324646025878141 0.008083642916584182 0.9972811092048005 11.393085695469141 0.04707844506047631 0.9988243728522466 -0.01155388276719256 -1.3150052427493768 -0.9962020759214671 0.0477967249244908 0.07277978439268909 63.102527935632594
0.07771498269615605 0.009088934338567485 0.9969341867631616 11.976290032506284 0.044737785379674294 0.998919370416956 -0.012594521233800756 -1.3295157729933393 -0.9959713409651166 0.045579410684821596 0.07722438279304168 63.15833097735114
0.08080991686217691 0.013418048422381541 0.9966392091992288 12.5470698991241 0.042381325997192104 0.9989588068346998 -0.016885658237285384 -1.3479523646913516 -0.9958280878462114 0.04360341986497423 0.08015710344461825 63.217406869284666
0.08146322419800511 0.019685264260821445 0.996481928322962 13.127829937153653 0.03684289245408675 0.9990621211561962 -0.02274817237697269 -1.3560259322354324 -0.9959951527888458 0.03856641598408346 0.08066155948939187 63.300029354331265
0.08081788269829979 0.022681363412517655 0.9964707851161091 13.693890905879803 0.03348557847113185 0.9991149275775628 -0.025457366834160448 -1.3807059781569222 -0.9961662440931288 0.03542481115580561 0.0799868544447035 63.362470442149736
0.08113068755742468 0.02250396118029615 0.996449388211793 14.272369147642724 0.03154925432406736 0.9991861194998595 -0.025134501196592638 -1.3985049322305798 -0.9962040233245639 0.03347641453324658 0.08035467367828465 63.43192997742814
0.08150340691364884 0.021087306557337017 0.9964499586851446 14.854814379237679 0.02880019375399049 0.9993088286840631 -0.023503483865404982 -1.4183993355866116 -0.9962568662253699 0.03061356588565755 0.08083975558203996 63.48593053421544
0.0812138816569904 0.01982829183609589 0.9964994451925543 15.43598648090652 0.029876038705067217 0.9993044008556484 -0.022318977167858096 -1.4419703665748993 -0.9962488282238988 0.03158406676456527 0.08056499853605185 63.55094256246639
0.08164703854150408 0.019285468781802845 0.9964747020327559 16.021647146259635 0.027458444034926834 0.9993897295824787 -0.021591717306257856 -1.4624823394649982 -0.9962829893903523 0.0291245446130671 0.08106766280397361 63.60778310599038
0.08109899756003137 0.019972499914778546 0.996505921629126 16.61085193830024 0.0255585649585971 0.9994287658456876 -0.022111122934297914 -1.4847383817388429 -0.9963782978126375 0.027262451234481434 0.08054220260628925 63.68150372801874
0.081522148654729 0.02022551968625058 0.9964662902638198 17.181581728812496 0.022099493126529788 0.9995115853918963 -0.022095317850649398 -1.5147916519557085 -0.9964264908573337 0.0238226577188969 0.08103535831315736 63.733966405401794
0.08099152311851246 0.021108409916550643 0.9964912484381087 17.7616725688165 0.019307525656190847 0.999554898686873 -0.02274255843355067 -1.5410820792935223 -0.9965277681208751 0.02108173479253241 0.08054792251919717 63.779697479128586
0.0777529311841608 0.020721399214019373 0.9967572950858632 18.32751941171332 0.015132221288839112 0.9996442839357466 -0.02196181853687479 -1.5690763542289017 -0.9968578121132075 0.016790747725879487 0.07741171241917698 63.83873480252769
0.07352508260138088 0.019453083856403798 0.9971036253855153 18.900718027502588 0.013060215486441337 0.9997052252946718 -0.020466882761444725 -1.591584857828418 -0.9972078484447968 0.014527217455473498 0.07324934779978452 63.893199902914446
0.06867192345162315 0.017566426583321273 0.9974846302507872 19.48046662256967 0.010999749540262985 0.9997708588506712 -0.01836396751893509 -1.6078430978624858 -0.9975786547633717 0.012233170074747567 0.06846296159542506 63.94742152599448
0.0619506659666981 0.016048677504322154 0.9979501765802976 20.047050195355947 0.008685404830693362 0.9998241876788097 -0.01661798650044892 -1.627103566824461 -0.9980414213494355 0.009697096615188826 0.06180038501519514 63.99744301766739
0.05439142523035243 0.016163225774617106 0.9983888636167636 20.616651050512353 0.007679001787740479 0.9998326403555053 -0.01660494538613456 -1.6490381394784543 -0.9984901630927304 0.008569796513995753 0.05425820486114566 64.04403973033126
