1.0 0.0 0.0 0.0 0.0 1.0 0.0 0.0 0.0 0.0 1.0 0.0
0.9999973468396022 0.0011011622881512315 0.0020233030844713576 -0.021334720024510066 -0.0010911075844721768 0.9999870847460903 -0.004963851856676147 -0.0012192235931033136 -0.0020287429594668324 0.00496163104543981 0.999985633106483 0.6782894468562576
0.9999960643452243 -0.0006318282307165047 0.002733511870988487 -0.029496702768866567 0.0006471238984220098 0.9999841197314234 -0.005598349366639679 -0.003916400198718622 -0.002729931266910568 0.005600096254327583 0.9999805930102946 1.3655756590680306
0.9999935906698674 -0.002325595498670677 0.0027221728015790867 -0.028996462619280246 0.002329339483721837 0.9999963445108057 -0.0013730049513999863 -0.006551755626699206 -0.0027189697965712047 0.0013793370159462 0.9999953523055205 2.0606454927806945
0.9999836248434423 -0.005454270493012784 0.0017323332121201788 -0.03217865019596251 0.005446956204601485 0.9999763482527841 0.004199238399145422 -0.006184125598474581 -0.0017551960215065434 -0.004189733692821028 0.9999896826560312 2.7503919098999328
0.9999582468681377 -0.009132831469687165 0.0003096929864622771 -0.038720441942521285 0.009131423761975703 0.999949159527519 0.004277319287701282 -0.00918235141459025 -0.0003487412777211807 -0.004274312758329563 0.9999908042727024 3.4262725114139476
0.999934786754563 -0.011418081372714283 -0.00022283597493906403 -0.050921773048800495 0.011418365618214667 0.9999339384458997 0.0013189657620315321 -0.00842291404785427 0.0002077611956494895 -0.001321424170628316 0.9999991053363239 4.104655431064495
0.9999262781787672 -0.012137845163468589 -0.00033305006371043254 -0.06484720806204587 0.012137134495050453 0.9999242228725391 -0.002058756663330522 -0.012230604974499492 0.0003580136957418087 0.0020545626146229743 0.999997825296964 4.756022440472447
0.999934462417071 -0.01138977784469417 -0.0011592373916043837 -0.07572231288879484 0.011386618481249762 0.9999315347295954 -0.0026964370713530154 -0.013431257520802731 0.0011898698433175467 0.0026830605594774194 0.9999956926886192 5.404008200951786
0.9999403109811673 -0.010919423716035475 -0.00037504745578445465 -0.11681946719923639 0.01091897280958711 0.9999396852971237 -0.0011839766356296082 -0.01226498123553133 0.0003879531774626704 0.0011798108322538785 0.9999992287690691 6.0703010456319175
0.9999480667309322 -0.0101851679939728 -0.00035523795340051804 -0.1362091484626719 0.010185686602193178 0.9999470144646219 0.0014899838027011279 -0.01513483312378553 0.0003400433955883355 -0.0014935247654339493 0.9999988268764444 6.72951892562142
0.9999455541704296 -0.010276979073907441 -0.0018089764798766964 -0.14220779900709657 0.010282605242139678 0.999942237616368 0.0031288113087938594 -0.019542350896055004 0.0017767172607363853 -0.003147241949101477 0.9999934690506181 7.379083982631573
0.9999326071481461 -0.011344220152337912 -0.0024677583033161287 -0.15077638964000484 0.011354074261703494 0.9999274738510152 0.0040164705386493554 -0.02273861670387279 0.002422015600283722 -0.004044218968281163 0.9999888890049573 8.038510916582638
0.9999315700268907 -0.011244591012185823 -0.0032271406109618274 -0.16252547140418097 0.01125760440613718 0.9999284574706406 0.00404305372466962 -0.023307692633054124 0.003181447247585486 -0.0040791069309731596 0.9999866195505103 8.697012827208304
0.9999206393492875 -0.011490732236236855 -0.005165082379218101 -0.16525464813128518 0.011504637010861712 0.9999302535265066 0.002670469933317531 -0.024661623818356633 0.0051340364779879485 -0.002729680400990024 0.9999830951142882 9.361973138845677
0.9999000812168877 -0.012194207595346203 -0.007150446390241914 -0.17154482585702446 0.012199555167616614 0.9999253343209061 0.0007047247234223952 -0.02459582758736024 0.007141318937731154 -0.0007918865733964483 0.9999741869065848 9.996154151577825
0.9998773177899258 -0.013309828986804354 -0.008258197234406713 -0.1894509345930408 0.013305586095625547 0.9999113151548732 -0.0005685102488751019 -0.025144118533850065 0.008265031631653506 0.00045856034848427594 0.9999657389003562 10.647182607407174
0.9998628693806835 -0.012978330098424048 -0.010286174297526226 -0.2002883844649927 0.012975725305887573 0.9999157605500677 -0.0003199318133309873 -0.037277987551894605 0.010289459976543673 0.00018641736875011877 0.9999470447288479 11.292437832072158
0.9998482517213769 -0.011512434408310323 -0.013074302417223165 -0.20934547525042815 0.011502943599540813 0.9999335182271369 -0.0008008835405703414 -0.04294004999131498 0.013082653333648818 0.0006503690445630419 0.9999142069207029 11.93487320763791
0.9998435354458054 -0.010141180340491236 -0.014493484347488325 -0.23233735576751965 0.010128839205703549 0.9999482744828089 -0.0009246486889622987 -0.045387926576172646 0.014502111693620702 0.0007777018417313099 0.9998945364068512 12.582184585204063
0.9998469452299005 -0.01067970097178847 -0.013857492615407077 -0.27439167761154226 0.010680326645529948 0.9999429632684558 -2.8855578109433203e-05 -0.048842325629633976 0.01385701039826625 -0.00011915138599499347 0.9999039799229577 13.222851104016641
0.9998466895160807 -0.010406057855564794 -0.014082308888711459 -0.30325650337956334 0.010424094408379188 0.9999449379817483 0.0012079985276708322 -0.050409642466480116 0.014068962985793786 -0.001354608646175862 0.9999001096689214 13.871259503156327
0.999838297484252 -0.01007114517576263 -0.01489801727201968 -0.33231985883306864 0.01009365044209742 0.9999480264246573 0.0014361999115159573 -0.049314748027202954 0.014882778790986002 -0.0015863430530012443 0.9998879869321252 14.51329887099819
0.9998132734682148 -0.011141583649424863 -0.01578870832435893 -0.3622728445321323 0.011158156523565938 0.9999372831206783 0.000961960618758765 -0.04972861036215337 0.01577700034114271 -0.0011379538739768132 0.9998748878340816 15.15645086726351
0.9997894978074504 -0.01139085861148845 -0.017064829738836294 -0.38912872096320816 0.01139775245858523 0.9999349964516555 0.0003067737283927861 -0.050580466858892094 0.0170602260481853 -0.0005012098569615298 0.9998543381292422 15.795136501365635
0.9997641723571848 -0.01148120964704241 -0.0184331629404764 -0.40209781325676014 0.011489842304046781 0.9999339238827086 0.0003624808371227477 -0.051432118028657665 0.018427783230155627 -0.0005741894894722604 0.999830029110775 16.43105856008633
0.9997503429142908 -0.01129140157593049 -0.019280977496104867 -0.42701437428624084 0.011344130542020343 0.9999322009564128 0.002627583054716354 -0.05409920293440044 0.01925000116882608 -0.002845652985682066 0.9998106519306973 17.06552996791444
0.9997225832385093 -0.01211833176453312 -0.020196598678047 -0.44402274738619457 0.01222627402944715 0.9999115803635785 0.00522969197636949 -0.05292173553227869 0.020131437759738753 -0.005475170322058419 0.9997823501761125 17.6983735010487
0.9996967420549332 -0.012183368253263344 -0.021400688371007576 -0.46631061640444127 0.012326061467417264 0.9999025880450617 0.006548482991416504 -0.05124929934822921 0.021318821108331453 -0.006810283312227345 0.9997495325869169 18.32992356618164
0.9997100107615147 -0.011515921319757367 -0.021148946530859292 -0.4976194725900389 0.011638144462035118 0.9999162260615171 0.00566519658735524 -0.0542796915714149 0.02108193484215254 -0.00590968823625705 0.9997602850725078 18.92867557837508
0.9997080520663071 -0.00987743703543361 -0.022051006131152438 -0.5206424961263668 0.009958113403846686 0.9999441087180414 0.0035518189026984676 -0.05707093227820886 0.022014690804578456 -0.0037703683762319354 0.9997505377398338 19.536754986315234
0.9996984634917834 -0.009419844864037895 -0.022677050401238574 -0.542545090378344 0.00946949460462138 0.9999529937096749 0.002083036963488356 -0.05822749622872849 0.022656362552181415 -0.002297149058219178 0.9997406725456901 20.142299623432912
0.9996889718063573 -0.00844683475694695 -0.023465093891399783 -0.5656809135428917 0.00848693837879064 0.9999626891717092 0.0016100128687733892 -0.05710221855438676 0.023450618876651508 -0.0018086589152879564 0.9997233603488671 20.734188277469237
0.9996548436167819 -0.009287122812110134 -0.024575251440740353 -0.5911880267079951 0.009323840196085295 0.999955579933985 0.0013799140857805032 -0.06482172093532904 0.024561344374864087 -0.001608573516837627 0.999697030531621 21.293923679205577
0.999610930734072 -0.00910524856105445 -0.02636440034590595 -0.6163998774103757 0.009120727974848437 0.9999582962754333 0.0004669380480365033 -0.06682184456065018 0.026359049265225438 -0.0007072189005680144 0.9996522897304145 21.86193310300884
0.9995555831907005 -0.008963954708384018 -0.02843032937340505 -0.6407478527643492 0.008978122957733366 0.9999596271168316 0.0003707351100485286 -0.06738202837983447 0.02842585830630346 -0.0006258213419772374 0.9995957077374824 22.421193325702408
0.9994796771914682 -0.008635613253336762 -0.031077340056260786 -0.6622682244862107 0.008688619656927394 0.9999610191822428 0.0015709883725025515 -0.06882473146695806 0.03106256218812117 -0.0018401901391183696 0.9995157482153852 22.967903472087965
0.9994438237185882 -0.00816357563116178 -0.032332634654127716 -0.6956406699751982 0.008294644824902721 0.9999579086056705 0.003921719546411721 -0.06939055950379826 0.03229925847433141 -0.004187726099727154 0.9994694696948591 23.520981730266556
0.999399206473979 -0.007409066838133532 -0.033857522469371376 -0.7267528720462015 0.007602293244595242 0.9999555229032384 0.005581877169321991 -0.07155987248883157 0.03381466008403857 -0.005835918428003362 0.9994110819975451 24.061701709320086
0.9993785709819567 -0.005789691106269675 -0.03476997755177243 -0.7624807383668959 0.005999534801440819 0.9999643965772531 0.005933899228582724 -0.0722454848060991 0.034734384177973 -0.006138815421779576 0.9993777251374955 24.597691120363635
0.9993277473078466 -0.003520227210181381 -0.036491936931425766 -0.7925181250211005 0.0037093919872033644 0.9999800264510186 0.005117334277264685 -0.07296640487288039 0.03647319387856903 -0.00524925703397148 0.9993208450887477 25.120364697403517
0.9992720931050262 -0.001955255618420692 -0.03809804347942339 -0.8240336111455233 0.0021210724876170434 0.9999884518920961 0.004312439443229771 -0.0758374461870199 0.0380891715976553 -0.00439010910068149 0.9992647006419718 25.62420841189801
0.9992063058663236 -0.0017758894699042452 -0.03979452894003023 -0.8514966310659673 0.001999004416781192 0.9999825028363107 0.005567584985377997 -0.07434294101254363 0.03978394523309452 -0.005642715464951571 0.9991923726009283 26.1354832647498
0.9991814214599006 6.683429531736181e-05 -0.04045346144081127 -0.8829496375184182 0.0002230782087788453 0.9999743275796933 0.007162012123200006 -0.0722274874682404 0.04045290157057906 -0.007165173739489581 0.9991557551452149 26.640057009016704
0.9991845716633663 0.0027422263836078386 -0.04028240241532263 -0.9177257708923784 -0.002429177203182481 0.9999664864309892 0.00781825511080913 -0.07374709439269285 0.04030249183368745 -0.00771402679041246 0.9991577467760899 27.126848113556214
0.9992329060847887 0.006110375856895133 -0.03868155509062276 -0.9494079505291487 -0.00590905325490318 0.9999684068285458 0.005316806786991877 -0.07179483790474796 0.03871282070544712 -0.005084156927844687 0.9992374436846138 27.603760043490002
0.9992820641717447 0.007780552227128513 -0.037078554875983494 -0.9775151456463586 -0.0077049217864779114 0.9999679355906675 0.002182194034120651 -0.0706780055108694 0.03709434464867414 -0.0018949399935646663 0.9993099713289699 28.062000383131046
0.9993455070350153 0.008390721693586588 -0.03518740340493858 -0.9961725363711635 -0.00837404302259666 0.9999647440439636 0.000621347363162316 -0.07383749019911512 0.03519137639218988 -0.00032627986571826884 0.9993805384182106 28.508395143408993
0.9994285774120696 0.009384984725119616 -0.032472152897356325 -1.0109693932744612 -0.009358433678740175 0.9999557388693741 0.0009695469479922575 -0.0687922891640114 0.03247981482645185 -0.0006651044376706557 0.9994721703303832 28.9622605474658
0.9994810741367313 0.014318028800754997 -0.028854401635454188 -1.0365481058488428 -0.014207703679319584 0.9998909646381094 0.004024921270165202 -0.07356274347887133 0.028908884423996157 -0.003612877846140247 0.9995755216665867 29.410981707474782
0.999520879931021 0.018444503662952968 -0.024855801466418696 -1.0588885340216379 -0.018264652264964553 0.9998054793643552 0.007443514670600149 -0.07407618631234499 0.02498825843372453 -0.006985965762786974 0.9996633349397238 29.849777980692405
0.9995065495027639 0.023415161383145065 -0.0209377104401002 -1.076563543735519 -0.02325102349940826 0.9996972579530476 0.008048748187566778 -0.06905490493711948 0.021119834452526656 -0.007557953331305289 0.9997483833115909 30.287814378744187
0.9994918758081583 0.0277631890785386 -0.015658720435311083 -1.0873799067290406 -0.027638316955284674 0.9995848827292371 0.008135456659348396 -0.06536761197601453 0.015878086451493474 -0.007698542158503159 0.999844297287969 30.711079728612866
0.9994455249108382 0.03192465163196943 -0.009458295505505998 -1.1047355595368933 -0.03182838300247753 0.9994417113583899 0.010159706317610255 -0.06489684665054694 0.009777360131428483 -0.009853030761644468 0.9999036558657389 31.108757607780863
0.9993210780907726 0.03670200204788486 -0.0032165088471486454 -1.1136494499086356 -0.036663058464219876 0.9992623289187786 0.011428829680638207 -0.06429036528614837 0.0036335970519326337 -0.011303143345857877 0.9999295154774495 31.50219731800878
0.9991810562204475 0.0402852586620947 0.0037834937173214576 -1.1225612177747417 -0.04032432669169546 0.9991272992006897 0.010889842459790754 -0.0649019774323617 -0.0033414917390487712 -0.011033491127741607 0.9999335460451818 31.875146396755866
0.9989751145939786 0.04398518278241651 0.010678207599296805 -1.1224425902491635 -0.044100249509925686 0.9989688329827755 0.010790677559670414 -0.06312784361242009 -0.010192566659009878 -0.01125052997116657 0.9998847619402293 32.24087226166473
0.9986748013376674 0.048372911946084216 0.0175699334949001 -1.1200583545083302 -0.048563382234242544 0.9987640608137901 0.010580582815812013 -0.0661032416078772 -0.017036404524707914 -0.011419816837761223 0.9997896522290388 32.58024109319929
0.998248898921152 0.05311111856125848 0.026045054959983816 -1.129881611364377 -0.05332937457791165 0.9985468421122274 0.007757700357104633 -0.06554643802308042 -0.02559518723950317 -0.009133082331503561 0.9996306683957333 32.898753857858885
0.9979441533164448 0.054456712899260774 0.03379250333609601 -1.1237001966309859 -0.05464231313579508 0.9984954306199743 0.004592673100209312 -0.06458236912362816 -0.033491558289844695 -0.00642973181738131 0.9994183178589807 33.20519038549423
0.9976445047499827 0.05489262292166697 0.04113687021308142 -1.109207761870999 -0.055121032826530095 0.998469816904239 0.004438070679604615 -0.06494713605722797 -0.04083030592935441 -0.006695123598595863 0.9991436640632392 33.500889998788566
0.9973135004446082 0.05408416068800287 0.04940329334755365 -1.0972082751180834 -0.05442294124382431 0.9985026201478177 0.005537239774281118 -0.06427944588575368 -0.04902984088574425 -0.008211036513195026 0.9987635624020821 33.77955990484299
0.9967486536935773 0.05618033749858713 0.05775717304866317 -1.0889995058991915 -0.056655033481118985 0.9983719113123216 0.006613159898144193 -0.06828499866578591 -0.05729160969358147 -0.009863892797982648 0.998308757388008 34.038020667988505
0.9960031412502879 0.05952124885431103 0.06659552202941305 -1.0802374345508075 -0.06012035357377726 0.998166402889394 0.007026750957259644 -0.0698158617298086 -0.06605517168027732 -0.01100241235705293 0.9977553112946154 34.2796885185181
0.9951859121608414 0.06402079262747759 0.07420470569937881 -1.063333305901862 -0.0646702592105265 0.9978862898078026 0.0063804535313028285 -0.07125614613254434 -0.07363937676423726 -0.011148575019769416 0.9972226188092627 34.501092929423805
0.9943067598470265 0.06733017933411363 0.08258761573826759 -1.0440398546983782 -0.06808480630993627 0.9976593157618058 0.0063520723726609085 -0.07321323040788977 -0.08196661803584547 -0.011938870320313981 0.9965635639051035 34.71165563194643
0.9935542434821375 0.06655973152517788 0.09175929052647162 -1.0189715748175325 -0.06745988744056533 0.9976992206462928 0.006740082216824747 -0.07258188340519382 -0.09109955458250903 -0.012886708698486947 0.995758406388713 34.90873376847074
0.9926880335126138 0.0649764218577034 0.10172773822029445 -0.9923281528698351 -0.06583846809078348 0.9978170761081118 0.00513602438866629 -0.07749094269409652 -0.10117195382271717 -0.011796068397222706 0.9947990191642043 35.08948670175428
0.99159988045542 0.06380836669745978 0.11250853043296921 -0.9571039440726952 -0.06434435567461674 0.9979271087963988 0.001135527226462526 -0.08923081604563254 -0.11220285635224463 -0.008365277560621847 0.9936501100275347 35.253190855095305
0.9900499166061801 0.0640786255657181 0.12528005576982362 -0.9296371832903243 -0.06416206321527812 0.9979337913578379 -0.003373086143939096 -0.083208478091717 -0.12523734375992082 -0.0046987032024048865 0.9921156837366173 35.438984512716594
0.9879815824796336 0.06559465468683948 0.1399633307603785 -0.8992544388216399 -0.06543788198879293 0.9978402105242935 -0.005726941736995459 -0.0826838666511221 -0.14003669619726827 -0.00350079096097081 0.9901401255281002 35.609612848024256
0.9856368525948537 0.06694622276808063 0.15504256855451903 -0.859852262116586 -0.06670812819392942 0.9977497410929341 -0.006743869946115458 -0.09110867983832381 -0.15514515925338748 -0.003695592790652792 0.987884771698687 35.757842415335375
0.982853934889667 0.06741844765992303 0.1716184593422576 -0.8249682216451792 -0.06704317060285032 0.9977180956277394 -0.00798842490603944 -0.09244952556720944 -0.17176540963593787 -0.0036543907958099114 0.9851311026865968 35.92232290399202
0.9797519718426846 0.06617694621784123 0.18896212705099882 -0.7859298241321172 -0.06565703820601683 0.997801508147088 -0.009016854962559688 -0.09404408108456092 -0.18914340328008067 -0.003572412165890196 0.9819429774009006 36.08637705032618
0.9758845881528939 0.06508558316135081 0.2083581951116621 -0.7470354220708529 -0.06448725041492183 0.9978716722582609 -0.009670586250581559 -0.09182431864790547 -0.20854415633041973 -0.003999071023821046 0.978004776210924 36.25440738112427
0.9714311071792447 0.06564603356059301 0.22806183872418048 -0.7031524994653885 -0.06489383388324495 0.9978336876432996 -0.0108038015583826 -0.09460675192389188 -0.2282770122645454 -0.0043046581676698574 0.9735867067650583 36.41307202148106
0.9663172987385802 0.06756817379250782 0.24832523039132529 -0.6528554115928216 -0.06642859013803894 0.9977068107073014 -0.012975449146110466 -0.09950977655746909 -0.24863250103482676 -0.003957493981810991 0.9685898087790056 36.563519165963825
0.9600223416445943 0.06886777013888587 0.27131961554467976 -0.6065475660613677 -0.06728894992866581 0.9976188150536579 -0.015129344613658481 -0.10285656135868404 -0.2717154775877044 -0.003732303181499157 0.9623703908330965 36.71963354487988
0.9528547283046818 0.06991783135735562 0.295261517312502 -0.5466452588746872 -0.06814322227058216 0.9975422397856645 -0.016308927064262884 -0.10685399092328723 -0.2956761201145272 -0.004580032935416876 0.9552772661862784 36.873989958861934
0.9445007822501873 0.07236679460995749 0.3204392600269981 -0.4858728201176568 -0.07069024419921595 0.9973555116002941 -0.016878176903220608 -0.11638872211332746 -0.32081328168239404 -0.006710478254276407 0.9471186872709098 37.021704908250356
0.935102993893024 0.07418298986945913 0.3465245659781088 -0.41438029433524276 -0.07241784743413268 0.9972108716745772 -0.018059146907930233 -0.12284181159423917 -0.3468977460078084 -0.00820740081042299 0.9378670440881471 37.17561991920893
0.924144008515411 0.07446520434996409 0.37471693965735203 -0.3406410036839432 -0.07239726855978795 0.9971829831832001 -0.01961462604641532 -0.12732066485461768 -0.37512196287359384 -0.009001743774210907 0.926931756699966 37.32916388332061
0.911901998335501 0.07231529592030184 0.403986687166378 -0.25481886273345217 -0.06951292090600182 0.9973467308635299 -0.021620644369465335 -0.13476564064733318 -0.40447830505334204 -0.008366385826258224 0.9145093243534379 37.47454063753197
0.8973358269316443 0.06939523810140318 0.43585859476869065 -0.16792356993653512 -0.0653682057257259 0.997566531013078 -0.02424899756151814 -0.1408446901265509 -0.43648071135514144 -0.006731800011037971 0.8996884302265538 37.62080328819708
0.8803407460344445 0.06859169763263008 0.4693563144215462 -0.07069069343754794 -0.06258169279368252 0.9976352926144003 -0.028413987000461265 -0.14610468544381372 -0.47019538768323066 -0.004359122166107018 0.8825515823198986 37.76642356719171
0.8616703033416865 0.07063028525504243 0.5025292540179359 0.04446733501771087 -0.06207561074856549 0.9975003408036478 -0.03375927497450948 -0.14915543930154349 -0.503657529368149 -0.0021054456543052086 0.8639008393382707 37.9037681522411
0.8402740924858334 0.07261081600797951 0.5372775064114913 0.14639300630527732 -0.061890490883812564 0.9973594696747873 -0.03799546536355213 -0.16218598855255148 -0.5386176906074096 -0.0013257634357041093 0.8425492423093459 38.03884889504064
0.8166876743502499 0.07559557410740661 0.5721071156171169 0.26847543888930764 -0.06307314930081705 0.9971365292443676 -0.041719538393642154 -0.17030340893690377 -0.5736227160788235 -0.0020127647337105253 0.8191171640104238 38.17844676702122
0.7894252846080848 0.07949490818782894 0.6086774840534505 0.4019307955867097 -0.06581527188791021 0.9968243264995981 -0.04482869711410462 -0.17540457652575275 -0.6103081762583183 -0.004671367127117428 0.7921503066472981 38.34280331756036
0.7601383124339499 0.08414828808680033 0.6442893849677436 0.5464997735387406 -0.06931958296104868 0.9964218848516252 -0.048355173527202366 -0.17439038815358998 -0.6460530484319097 -0.007905251469778302 0.7632515742604372 38.49603773061131
0.728253502206065 0.08542610858555932 0.6799626581633101 0.707921300578996 -0.06886578428452395 0.9963003058939237 -0.051412101985387815 -0.1803842237018929 -0.6818389401313695 -0.009385118411974175 0.7314421229823477 38.64444928309922
0.6925871890537872 0.0829835655908442 0.7165449835149145 0.8880784450049495 -0.0653249370798084 0.9964944233815132 -0.05226391455937051 -0.19300660583030055 -0.7183701261564849 -0.010610938289345069 0.6955801677984611 38.79004650518353
0.6543601355123072 0.08172846863972144 0.7517534638870025 1.0898624078717842 -0.062407357575581406 0.996587545178071 -0.05402394391734234 -0.2022047590991339 -0.7536034333605047 -0.011563831966819335 0.6572276188791082 38.943909870895894
0.6135072173305035 0.08103925401114684 0.7855199129192619 1.3070596823122391 -0.060061998002602444 0.9966276936014309 -0.05590882526607018 -0.212937401211875 -0.7874017085829257 -0.012879427627559746 0.6163056625284855 39.079236200191694
0.5682828028820075 0.08046030712793076 0.818889977301856 1.5440305772536997 -0.05568179342158908 0.9966867201304794 -0.05928844572854392 -0.22245615185384493 -0.820947132177169 -0.011904658433999547 0.570880097111163 39.23356663377737
0.5196584374581581 0.0793676813284474 0.8506796574146329 1.7916295122819863 -0.052334577957829774 0.9967631422686318 -0.06102729032770986 -0.23741871940436185 -0.8527697229196846 -0.012806614514105488 0.5221300511330207 39.39358479092789
0.4719030802936891 0.07763433113894487 0.8782257075706233 2.0627554283884844 -0.05038699838673244 0.9968622905539017 -0.061046900537267766 -0.24984721720518463 -0.8802094257634928 -0.015442936904631194 0.4743341464588657 39.52266941597219
0.4226974459025645 0.07564527942658475 0.9031083328858768 2.370651892705517 -0.05017973051504538 0.9969352311052744 -0.06001782757243647 -0.2619944665885155 -0.9048805798959775 -0.01994835034661916 0.42519783565484726 39.67007083013067
0.3726252948874559 0.07523629002494112 0.9249269648319831 2.6664517511560364 -0.053239754990002906 0.996799540611704 -0.05963391924823208 -0.2823516244838515 -0.926453408487786 -0.027021778246138144 0.3754382844114046 39.78871727464421
0.32451936438142065 0.07548111828029574 0.9428625472064418 2.977264280796466 -0.05127971143758048 0.9967488925250477 -0.062145284977810904 -0.30232138698599664 -0.9444879953373432 -0.028182370965750627 0.327334967014516 39.87951933183932
0.2780711484892795 0.07190848940465758 0.957865129091449 3.303764885151682 -0.039670700049009223 0.9972029040703989 -0.06334511560639991 -0.3245919298409711 -0.9597409400121844 -0.020384731175736973 0.280146016925853 39.95513674531862
0.23531885837019278 0.0656068383501757 0.9697013858178344 3.662628259696816 -0.02636530479882784 0.9977828450574292 -0.06110863123954478 -0.34916555959494755 -0.9715605516889882 -0.011186459261080571 0.2365268642902697 40.0185025575429
0.19393795403447905 0.06432987490765257 0.978902312378141 4.0227626131626 -0.01774471601308229 0.9979144339376258 -0.062063738145281204 -0.37400473031325465 -0.9808532994482575 -0.005333829142074397 0.1946749989807344 40.070099949882305
0.1565035836047674 0.0655037435465352 0.9855028604221506 4.38946483001295 -0.015209858185115327 0.997839859233273 -0.06390833700944937 -0.4009199387651991 -0.9875602708355844 -0.004987474983848547 0.1571618164836232 40.11479342152647
0.12441905819232063 0.06562681571972705 0.99005707866618 4.754977384281824 -0.0064025650534081996 0.9978426306001739 -0.06533828676713627 -0.4293086607327689 -0.9922091035256991 0.0017904232507171946 0.1245708202803171 40.1472523748692
0.09604144552277064 0.0637272042398244 0.993335232528102 5.137486668800789 0.0009914209387975868 0.9979417934185628 -0.06411859350506037 -0.45429004761477526 -0.9953768421188116 0.007142855753884483 0.09578059190285258 40.17577964401685
0.07188537871283872 0.06185430236361087 0.9954931127870293 5.508211293218989 0.007955510508951788 0.9980079275920124 -0.06258503268387217 -0.4736243008929373 -0.9973811719597742 0.012418604696599417 0.07125009528089146 40.19545928280162
0.05160665657123756 0.0605234389485951 0.9968318144678974 5.891794753635688 0.012776476272521304 0.9980401736330468 -0.061258252248807 -0.49462406580713264 -0.9985857572845683 0.015897331611199262 0.05073224020332266 40.21283866376632
0.03657521920552452 0.06205591920101087 0.9974022840520128 6.284400129017416 0.016065970741039954 0.9979045864902721 -0.06267631806215179 -0.515066092455885 -0.9992017503608649 0.018316635984742525 0.03550159041489008 40.220384596835224
0.023161997387824387 0.061655257730780025 0.9978287183034691 6.6795673720795445 0.016529516408606483 0.9979364299642496 -0.062045602886154474 -0.5412051617775333 -0.999595066496581 0.017930726264149207 0.02209506938971073 40.232913449406745
0.010719634338297205 0.06211272293459997 0.9980115726229278 7.077281979632842 0.016591591914804894 0.9979204703107978 -0.06228526320413962 -0.5712736344152425 -0.999804885223805 0.017226275985423315 0.009666793588786837 40.24586407628614
0.0023564827295470972 0.06455595741903342 0.9979113063548504 7.483788942002169 0.021920154853495487 0.9976709668544144 -0.06459217218035938 -0.5948544032654792 -0.9997569473628797 0.022026580703556894 0.0009359178198237781 40.232969648165145
-0.0035427573879420623 0.06654563622496658 0.9977770929268178 7.9020626997692816 0.026364996359028947 0.9974427196137082 -0.0664297226894562 -0.6197389638583412 -0.9996461052978091 0.026071045031298506 -0.0052881730207393575 40.22867615936102
-0.008615754900683267 0.06607938840458716 0.997777171113648 8.328586934265331 0.02633240649470851 0.9974831733836891 -0.06583253894999644 -0.6416840105832226 -0.9996161128831851 0.02570667704081959 -0.010334099855819331 40.235587631277205
-0.012114579887336389 0.06363043890555237 0.9978999970933096 8.768877296008858 0.02375029401596373 0.9977099956839398 -0.0633299932615508 -0.6642958214816065 -0.9996445170600938 0.022933202066861256 -0.01359807907947724 40.23807394159451
-0.014371452931232464 0.056815495479686576 0.9982812533620122 9.23114258725489 0.021073787312136074 0.9981798079924192 -0.05650633950752124 -0.686040609258623 -0.9996746254801946 0.020225488612492477 -0.015542611795240717 40.23462740127393
-0.016175848187409657 0.05067649874206968 0.9985841148399317 9.695563919450686 0.022253316819750308 0.9984856486930582 -0.05031102507922241 -0.7142170217210423 -0.999621494279678 0.021407985174865127 -0.017279072452387564 40.243109581991966
-0.01688244855298287 0.048349776282207144 0.9986877800715815 10.176803912015675 0.024979340244476303 0.9985387713138085 -0.04792029574261614 -0.7371857588015923 -0.9995454044173306 0.02413754992888587 -0.01806552494736012 40.242544101898936
-0.017757918404688995 0.051076882196928346 0.9985368337918038 10.661016400997662 0.027700080891469647 0.9983361038493845 -0.05057399795780582 -0.7586034979291724 -0.9994585343337344 0.02676146214000712 -0.01914320484114994 40.24945562761051
-0.01735131009949574 0.05864090558367848 0.9981283365530429 11.13067403662641 0.028692316233205842 0.9978967014927678 -0.058128513992932104 -0.7791664140174488 -0.9994376834135301 0.02763000800178478 -0.018997358522071843 40.25250409462769
-0.014846808141820706 0.06685918232224693 0.997651954354417 11.596327252883993 0.029533255924654535 0.9973559286546253 -0.06639983713803539 -0.7994824655558492 -0.9994535302266371 0.028478084849039794 -0.016782121464277076 40.245885624721645
-0.012822158582527901 0.06705926501718851 0.9976666012374205 12.073741912825525 0.030198384543496683 0.9973194703351737 -0.06664781812880517 -0.8295729256834677 -0.9994616800159206 0.029273350777138843 -0.01481286987827201 40.247979497064655
-0.01122329301477482 0.06300482164455268 0.997950114055522 12.581717021836916 0.029412665749874015 0.9976019322212137 -0.06265205441153149 -0.8531119547651156 -0.9995043435560396 0.02864921077512033 -0.01304951855708396 40.247637870965676
-0.00800639654142806 0.056600871890051536 0.9983647824896941 13.090273314287035 0.02902331863928471 0.9979893192893015 -0.05634683273830142 -0.8858385845562943 -0.9995466695405387 0.028524724113676944 -0.009633043374464401 40.2486326029248
-0.004990310971812141 0.05525875560437137 0.9984595969419332 13.604391762775036 0.027063322061052726 0.9981137644921152 -0.05510435309843785 -0.9136376774799425 -0.999621264977603 0.02674664577912237 -0.006476383569673838 40.25383724523838
-0.002169433834770425 0.06088589705032776 0.9981423751635837 14.096788772199945 0.03478694857013678 0.997545189980801 -0.06077386079019128 -0.9396535266631952 -0.9993923962918739 0.03459048260061751 -0.0042821428561911935 40.26285698870789
0.0025205008218723646 0.06636971457055015 0.9977919162147074 14.591245004931325 0.03720734194643376 0.9970979508966923 -0.06641754303568395 -0.9696054611728491 -0.9993043884527313 0.03729259048979301 4.374553981077483e-05 40.25164951607352
0.004219231680481225 0.067211855646726 0.9977298053804631 15.085900734110588 0.031117365058667388 0.9972466857629081 -0.06731090050430046 -0.9969768336632738 -0.9995068322306913 0.03133072286778324 0.0021161589613982288 40.26623719873597
0.006998592690558184 0.06367217411212518 0.9979463281881312 15.589728251173897 0.026389190733120457 0.9976114432587169 -0.06383587464513503 -1.0288561271983614 -0.9996272456835106 0.02678175728165746 0.005301619007772376 40.288531917506354
0.011292861160895264 0.05988145210782999 0.9981416146921462 16.09509966860911 0.030045050217946293 0.9977342449176756 -0.06019693909124629 -1.06420849322435 -0.9994847503810155 0.030669010613510853 0.009468133067624729 40.2935449043024
0.014831460352548948 0.0606144196091042 0.9980510607775781 16.5824959160796 0.034822857298768294 0.9975240205834455 -0.06109989335984795 -1.101515911074974 -0.9992834414686156 0.03566119031224819 0.012683970677705155 40.305371117168136
0.017798081324580155 0.06499026419469493 0.9977271640388738 17.083131960494814 0.03483480572035615 0.9972390967038517 -0.06557987736880751 -1.132135233102674 -0.9992345893790849 0.03592282791187647 0.0154850193162513 40.32060296150899
0.02183445646311025 0.06576046676907672 0.9975965204035449 17.581748007313102 0.031372462364645824 0.9972979316461522 -0.06642743514153301 -1.1631737178418118 -0.9992692455570417 0.03274746623201014 0.01971239050048556 40.33870585907273
0.025770651648401116 0.06550848023334702 0.9975191790292157 18.097772886447334 0.030776715543916516 0.9973255805837389 -0.06629087488964158 -1.1910826293567427 -0.9991940088360944 0.03240872306682637 0.023685594255409108 40.341986220810945
0.02900414812482722 0.06209005208267645 0.9976490288793498 18.603031135871174 0.034726439723542675 0.9974038478649969 -0.06308437721197686 -1.227052476013351 -0.9989758924897435 0.03647450748764239 0.026772682492670476 40.36167937770667
0.032326518767920594 0.0625469784863707 0.9975183565561884 19.10338267608445 0.03945169002654409 0.9971823106309086 -0.06380441613908613 -1.258788260388335 -0.9986984331310409 0.041416359654433035 0.02976784867230947 40.38488281212155
0.03570558814993805 0.06325693249052945 0.9973583465669407 19.601665137021005 0.042561714096453686 0.9969929638649904 -0.06475747444791374 -1.292425122845752 -0.9984556131686769 0.04476148451055573 0.03290589668087104 40.41073750099453
0.038517929727152234 0.06318850072659642 0.9972580320385719 20.1066151640259 0.04305634649807032 0.9969668132369783 -0.06483304967639045 -1.3240925978944535 -0.9983298653830663 0.045435522226863805 0.035680431670589166 40.42829122806779
0.041969823328225034 0.06226166676239112 0.9971770247963762 20.617104285869 0.04425580007280828 0.9969609941022782 -0.06411084462486075 -1.3520929093753 -0.9981382459808419 0.046821587868910094 0.03908683691117027 40.45309958522307
0.047351482729700654 0.061955113949901545 0.9969550646537382 21.146599707769727 0.04615809252289937 0.9968727063061982 -0.06414232546768742 -1.3759177246636494 -0.9978112384504122 0.04905477833208273 0.04434367085440386 40.449112754003735
0.05067341451434414 0.062338367539413346 0.9967678430777973 21.665135824486512 0.04438255333470016 0.9969234971175738 -0.06460441048688503 -1.410249899705038 -0.9977286174210642 0.047512828029766856 0.047750781686414584 40.47813015539822
0.05116747741512386 0.06424364865231556 0.9966216146877391 22.165784281982564 0.04141789017294506 0.9969337487691192 -0.06639020212931523 -1.4451419406021784 -0.9978308712545394 0.04467498374915281 0.04834974869033015 40.54362820905222
0.05430445811342905 0.06425102977750004 0.9964551324578157 22.695480396586206 0.04285237992071805 0.9968582970701648 -0.06661237946132681 -1.4770889887874248 -0.9976044804250511 0.04631782308032111 0.05138054009995055 40.56522416856646
0.0559343560834005 0.06395596220398647 0.9963839534577437 23.216363057604546 0.040503049476583564 0.9969794710007739 -0.06626792124484088 -1.5126009575297437 -0.9976125754984404 0.044063242068384564 0.053174993237329396 40.620090580085886
0.05832001734312793 0.06420836135439789 0.9962309280027729 23.7400332489232 0.039000799411101704 0.9970210849873378 -0.06654242057488689 -1.5491373591026874 -0.9975358205209431 0.042734557712149124 0.05564210954622977 40.66827418986017
0.06083353210166019 0.06426300835071129 0.9960770789099298 24.274891249759666 0.03584926169342994 0.9971408018818162 -0.06652106176634953 -1.5852580487712236 -0.997503940748141 0.039755339015065234 0.058355815577583396 40.71699170011224
0.06384766974184496 0.06611593477932293 0.9957671204838903 24.81052941610853 0.03433370629961026 0.9970667651420433 -0.0684036728612721 -1.624847559037406 -0.9973688744292488 0.03855579097147318 0.061390384444923736 40.77166292061876
0.06728760885831574 0.06932705560017628 0.9953221272813774 25.343685434437415 0.03317312277712551 0.9968760302417595 -0.07167792027285981 -1.6652641008164488 -0.9971819902201113 0.037840978994188534 0.06477760947593915 40.816464253850114
0.07085211199272756 0.07147775837374046 0.9949225639636591 25.875217578675773 0.03277611130221916 0.9967238406056779 -0.07394127464528538 -1.7036639752669538 -0.9969481956220556 0.03784858816561076 0.06827722621632659 40.86102509925257
0.07405858415591848 0.07420552541175862 0.9944892488665584 26.403423991651295 0.0259946426228145 0.9967452608349675 -0.07630965573204 -1.7389553608339228 -0.9969150438566622 0.03150277767745363 0.07188859666784496 40.91246140846807
0.07619244172349503 0.0739044193213622 0.9943504656955564 26.942365625151375 0.021784558729532222 0.9968879137416403 -0.07576226261666542 -1.776062984381284 -0.9968551273004365 0.027433997896938393 0.07434534910954074 40.972898668776146
0.08017379076674702 0.07460429427754263 0.9939850917138674 27.479301110716467 0.024497853026384138 0.996746473047355 -0.07678752284553284 -1.814232243064662 -0.9964798133786683 0.03050684747733326 0.07808529814124582 41.01938530425522
0.0839313019482963 0.07556548622199556 0.9936022311998312 28.012933306073254 0.023856102783481464 0.9966823602733311 -0.07781490268555841 -1.8581782680213128 -0.996185937921855 0.030234583046773917 0.08185015012044841 41.07186917464543
0.08729918514514483 0.07600498223269989 0.9932784579103615 28.552372187131336 0.019850530359709243 0.9967544924610461 -0.07801562794182593 -1.9015465818243034 -0.9959843416025322 0.026527804932298362 0.0855071157743149 41.13712602661031
0.09089325824151821 0.07374662274334101 0.9931263017563158 29.09745617058796 0.018970111194499026 0.9969451286372839 -0.07576638679292416 -1.9459825947960108 -0.9956799438009719 0.0257263701352898 0.08921660939619483 41.20725051128822
0.09625367821653835 0.07303701764106202 0.9926735734791529 29.654876062933706 0.01952284062383018 0.9969738380220758 -0.07524642844352025 -1.9933185842917238 -0.9951653571762642 0.026622553476862706 0.09453650894024034 41.26376303412616
0.10129177835023292 0.07676062929993052 0.9918910128779828 30.203743863081566 0.016527067562259194 0.9967514995269005 -0.07882451540393758 -2.034342461758312 -0.9947194738600614 0.024377325127087218 0.09969410385378191 41.333157805516194
0.10582074750020695 0.08562232844604599 0.9906920743954499 30.731356540087813 0.014640328655963429 0.9960438599824029 -0.08764867236985757 -2.074329843194106 -0.994277441248337 0.023779105593581717 0.10414856677759278 41.41373463660312
0.11297011432959318 0.09082796075312716 0.9894382420412967 31.251705222250255 0.01313847860683161 0.9955894345614561 -0.09289272398576677 -2.1145483306387205 -0.9935115166158134 0.023493814824894887 0.11127851102848801 41.483947574770134
0.11942662244297977 0.09379709966587528 0.988402441289031 31.769977098700636 0.008794023800682295 0.9953884141274374 -0.09552261599357607 -2.1612258567202405 -0.992804082887078 0.020099977988373544 0.11805102239121963 41.56632844534542
0.12584079888456995 0.09200759472179051 0.9877746179415567 32.299677375033625 0.0044717032976442465 0.9956271825759143 -0.09330871977239273 -2.2128984504799645 -0.9920403707539868 0.016159078855428027 0.1248790893818235 41.652768927210836
0.1332898829850734 0.09048323071666782 0.9869379879470057 32.844826661399395 0.004454493750399096 0.9957588744325584 -0.09189353336459748 -2.2607899340637974 -0.9910670837936499 0.016644787408588598 0.1323215268687234 41.74239539041291
0.14042231702346 0.08759048750874956 0.9862096528526412 33.39677918559886 0.004167570216985533 0.9960179891133643 -0.08905502075152767 -2.3047257009781794 -0.9900829279612118 0.016615410333429035 0.13949811432131592 41.83200744233908
0.148905071549572 0.08169852061912093 0.9854707663829754 33.96903799176009 0.002435936209328632 0.9965478264138826 -0.08298491359607887 -2.353713713391457 -0.9888484949078893 0.014757418419621238 0.14819201301010765 41.91740021329012
0.15488701269980668 0.07426048755635939 0.9851372459128762 34.5602161917063 0.00010771805255543872 0.9971696390579659 -0.07518443547587242 -2.399207951899809 -0.9879321847645961 0.011751209678002895 0.15444062735353406 42.033555223165074
0.16229383176865375 0.07117473227910218 0.984172174802169 35.14916508521007 0.0006197613374063742 0.9973876166523828 -0.07223266604772925 -2.4470525815516244 -0.9867422804692869 0.012332868015038731 0.16182574671785624 42.14168271710477
