1.0 0.0 0.0 0.0 0.0 1.0 0.0 0.0 0.0 0.0 1.0 0.0
0.999995907471261 -0.0020107140243805117 -0.0020352075672064353 0.007247099728206291 0.0020087671615723543 0.9999975233656004 -0.0009581843018318797 -0.009537210000916996 0.0020371291613552507 0.0009540921223069043 0.9999974699033004 0.4003343328612118
0.9999908986840171 -0.00235196641786444 -0.0035596071554127055 0.007952226443609508 0.0023412769588840292 0.9999927466298355 -0.00300418207170891 -0.012025382447437373 0.003566647071610429 0.0029958207034827666 0.9999891519846499 0.8014922528001743
0.9999797175483423 -0.0026913525681322116 -0.005772444308195955 0.002975482564284219 0.002665553090611381 0.999986445844237 -0.0044724662694979895 -0.021992940933110543 0.005784403051167208 0.004456988800150679 0.9999733376106472 1.2010627069561526
0.9999569500342407 -0.004811886722177812 -0.007933714413301029 0.0006460431691258195 0.004762693058300337 0.9999693891356217 -0.006207861674025274 -0.033307803971903374 0.007963343082607705 0.00616980857922968 0.9999492580271486 1.5904803930671347
0.9999329326436502 -0.0073596152449078205 -0.008942386600642177 -0.009313742470617383 0.007284888118077288 0.9999385139876881 -0.008360541202648267 -0.043260495894809896 0.009003367135440527 0.008294836197357627 0.9999250647286947 1.9822072240690887
0.9999054357175104 -0.00881820601673088 -0.010552670999375777 -0.011853965476922763 0.008728678675792523 0.9999257768915534 -0.008500051552670296 -0.05730665119366119 0.010626842953076346 0.008407136877068925 0.9999081909147369 2.3811322066320053
0.9998971765711974 -0.008920052764896491 -0.01122804273319305 -0.015876991783025728 0.008828252857985839 0.9999274154618012 -0.008199131622141052 -0.06403674296260582 0.011300364437592483 0.00809916455896528 0.9999033479777062 2.8036423416098413
0.9998798440872354 -0.00943271781065154 -0.012301269153591535 -0.021439966452001327 0.009329491173558854 0.9999210112706163 -0.008422102705955213 -0.07899982724948404 0.012379740810169152 0.008306326158524889 0.9998888673063736 3.20284556866645
0.999879013689322 -0.008642856743076867 -0.012932865536548661 -0.033722009831366584 0.008494711824295825 0.9998981762913975 -0.011466338568106298 -0.09040272648448312 0.013030650585828911 0.01135509033231033 0.9998506208773671 3.6021990208525887
0.9998781955824112 -0.006773456687574334 -0.01406109111563545 -0.04675306814429726 0.006552651986849133 0.9998554272227967 -0.015690360259002972 -0.09738065637406251 0.014165336240269423 0.015596311667173462 0.9997780245192339 4.010620615423418
0.9998654023454635 -0.005455080995523072 -0.015473179501174703 -0.06357724470286483 0.00515187340714229 0.9997952486214717 -0.019568317105100912 -0.10735838477761839 0.015576758101096277 0.019485967393519023 0.9996887824127068 4.417069625319044
0.9998428983277164 -0.003699658872312675 -0.01733468164862648 -0.06661020997662594 0.0033576785156812713 0.9997999857538303 -0.01971584341654407 -0.11534415135290402 0.017404156360365335 0.01965454173642481 0.9996553377692318 4.827002550344428
0.9998307172167911 -0.0006655017885108256 -0.018387333061799366 -0.07951170953340837 0.00043302720458639795 0.9999199641075553 -0.01264428197188727 -0.12655609974863197 0.018394276207455065 0.012634179297207554 0.999750983053426 5.249643403649867
0.9998216608861964 0.0006601674998455166 -0.018873542371230605 -0.09449201731116977 -0.000695839402520501 0.999997984033661 -0.0018835435059237212 -0.13679062991342764 0.018872260868597578 0.0018963405508907898 0.9998201046499439 5.703046403712501
0.9997859540684941 0.0018800772051818695 -0.0206036733873364 -0.10111300409679948 -0.0017711629270738985 0.9999843697636114 0.005303132127074748 -0.1509854197724058 0.020613321644879324 -0.0052655045507538694 0.9997736571007426 6.167402086761326
0.9997758899955547 0.004297743560659868 -0.0207291867636367 -0.12692332200329282 -0.0041980853635404805 0.9999794326416052 0.004848749638056283 -0.16837086789189673 0.02074959910155777 -0.0047606400892031666 0.9997733695408519 6.628309430100666
0.9997541568146797 0.0068162291012965545 -0.021098932499189513 -0.1513212957194452 -0.00687577242728702 0.9999725779284514 -0.00275084435286668 -0.1710113738854967 0.021079603537422033 0.0028952395348514483 0.9997736083247769 7.099327810097744
0.99972093902587 0.006433737513929227 -0.022729960291051017 -0.15604853223142248 -0.006634563079593521 0.9999395247318139 -0.008770943612598827 -0.1741021546462762 0.022672155741653887 0.008919299339877593 0.9997031656713483 7.565689089933516
0.9997238586007348 0.004357050442296393 -0.023091614406521275 -0.17235191599627958 -0.004511237724443089 0.9999678499311592 -0.006629316574628866 -0.1808386035937475 0.023061987742815104 0.006731657707902463 0.999711373100185 8.05332196739763
0.999721679589149 0.0032370846168432357 -0.023368454006018485 -0.18202645848387 -0.0031763281331587327 0.9999914796405343 0.002636586035825169 -0.18498135410615152 0.023376789750487997 -0.0025616263422290155 0.999723443644015 8.583448553766226
0.999707619672988 0.0030222091007741183 -0.023990444345966117 -0.19666332682852328 -0.0027875490627510165 0.999948006967407 0.00980881909980218 -0.1867793436065564 0.024018841312362833 -0.00973907665341495 0.9996640663982846 9.143899953845017
0.9996920385296864 0.0017176428554294217 -0.024756368945777065 -0.20673447487359778 -0.0014293748498566204 0.9999310310084741 0.011657191508563145 -0.1831610044622969 0.024774684415686393 -0.01161821541158193 0.9996255459334545 9.727607643291293
0.9996900005725923 -0.0001337220700652763 -0.024897487294449468 -0.22391269613226195 0.00040620579474506943 0.999940079482229 0.010939490021240469 -0.18727565732986176 0.024894532572868798 -0.010946212289211697 0.9996301529488303 10.324817221889402
0.9996914673364338 -0.0008272432452796848 -0.024825104296652894 -0.2334443954981893 0.0010340492220102216 0.9999648632261816 0.008318837373674065 -0.18903185147620227 0.024817350320552562 -0.008341941120406008 0.999657196813695 10.917445831056671
0.9996942079032305 0.0017284207983662716 -0.02466785856686452 -0.24576336957085732 -0.0016058865765020993 0.9999862788296469 0.0049863093303328014 -0.1905051710242236 0.024676138535728833 -0.004945170773404292 0.9996832665764648 11.523457040360274
0.9997199947789981 -0.0015718446212377476 -0.02361061929651597 -0.2628846091832711 0.0015539757334609822 0.9999984921541627 -0.000775144385936199 -0.1963546804006931 0.02361180210187598 0.0007382370120220226 0.9997209299637673 12.132707266332071
0.9997475409359711 -0.004074065595948628 -0.022096524206244143 -0.28329479783519274 0.003917643898945325 0.999966994711535 -0.007117693015303104 -0.2077540686084008 0.02212479285232512 0.007029329775941637 0.99973050471822 12.747990599265156
0.9998009046998225 -0.0028447493776618668 -0.019749895250185556 -0.3066442514953277 0.002597970886105713 0.9999183767392896 -0.012509612557436224 -0.21934645119006713 0.019783869911874325 0.012455812299504996 0.9997266882659849 13.369552485387857
0.9997937096936579 -0.0017467197800505848 -0.02023578580145357 -0.31685841838053225 0.001473255496068656 0.9999075027124583 -0.013520929612149771 -0.22933161529397209 0.020257531321354088 0.013488327892788412 0.9997038048519296 14.010329420382464
0.9997852176908666 -0.0020651930487905574 -0.020621674628809056 -0.33213210901508516 0.001804138043085826 0.9999181067305517 -0.012669842868344106 -0.24533536812261317 0.0206461515238734 0.012629917262526135 0.9997070679039929 14.665974786495735
0.9997721313275358 -0.0009634947506373086 -0.02132503455239105 -0.35122363594494427 0.0006650733055114096 0.9999018213369543 -0.013996619754000378 -0.2658248722946667 0.021336426558669155 0.01397924765161776 0.9996746158309738 15.33774843256843
0.999764273919914 0.0018646196633142424 -0.02163145364733592 -0.3651656327074204 -0.0022119792960641335 0.999868819403003 -0.016045283831598176 -0.2818336267908903 0.02159869766859691 0.01608934986734799 0.9996372487456988 16.008530134298258
0.999746692136096 0.005107028948911568 -0.021919621763322628 -0.3803586644742601 -0.005473885033735928 0.9998454079119597 -0.01670918489937989 -0.29924588477932235 0.02183089887223156 0.016824937820960485 0.9996200944967816 16.702577247780646
0.9997345394140684 0.00635758949011505 -0.02214569390229014 -0.3960437075961994 -0.006729796264853772 0.9998366680370575 -0.016773404269429037 -0.31632053770673874 0.022035438383937834 0.016917987599809486 0.9996140360913324 17.381118986780166
0.999739319106196 0.0073550080421393065 -0.02161475629699364 -0.4277808177239284 -0.007725883522051331 0.9998235014780908 -0.017125320898919046 -0.33736502154154985 0.021484984451520278 0.017287849744468165 0.9996196905295203 18.061711331708672
0.9997264014030562 0.0075129839534239 -0.022151239464445548 -0.43525805364520975 -0.007898241200992195 0.9998181727216966 -0.0173562461775097 -0.3543486515645564 0.022016814565839645 0.017526453365098057 0.999603963231848 18.744907407343128
0.9997084479425772 0.008759360160472884 -0.022500949353840862 -0.45967357906706524 -0.0091286545438444 0.9998244535974522 -0.016362446478728653 -0.37384135340322167 0.022353674831314573 0.01656307936735263 0.9996129138938782 19.428336183472965
0.9996960360571644 0.009616819742330867 -0.0227013715364973 -0.47771260460432663 -0.00995634104376035 0.9998395572310981 -0.014890636955321734 -0.3905231646396834 0.022554528694142664 0.015112133335779512 0.999631390394194 20.112761830285816
0.999674802469211 0.010300174385731605 -0.02332800282427014 -0.4962147846043105 -0.01061906964028191 0.9998512939712458 -0.01358768942806602 -0.4139472700899968 0.023184578239003505 0.013830992431574082 0.9996355230684031 20.816856694654945
0.9996706950872131 0.009761839022288417 -0.023732001237832066 -0.5131414698020903 -0.01011473336480829 0.9998393768667165 -0.014795696527314205 -0.43172004284171384 0.023583756121712207 0.015030867096493173 0.999608863246781 21.51010155330949
0.9996599446526317 0.011431331487673039 -0.023437570640288008 -0.547883091389159 -0.011804512884057733 0.9998047548321717 -0.015846314730682987 -0.45055234798485666 0.023251850091330788 0.01611759521121653 0.9995997071787988 22.217998218833042
0.9996700340338693 0.011153023372271796 -0.023139427918198955 -0.5758209049481449 -0.011504565641006576 0.9998195706537253 -0.015115260738909356 -0.47016647866311884 0.02296667203004778 0.015376482284676085 0.9996179749126244 22.9375586874038
0.9996397452169389 0.010497511118848227 -0.024701863146822156 -0.5891103155249015 -0.01080015800711866 0.9998678505980009 -0.012150634861910077 -0.4910282967098718 0.024571047385815403 0.012413041562639232 0.9996210182011636 23.6681827504979
0.9996187187712129 0.01114725082588223 -0.025261747390563666 -0.6167159657718609 -0.011366175348375149 0.9998989401973128 -0.008539288625683976 -0.5091352639579804 0.025164004851172077 0.008823162205670792 0.9996443991082755 24.412057931718234
0.9996002551294788 0.010963338338735832 -0.026060221747956688 -0.6368046623267312 -0.011119408326096265 0.9999210564260206 -0.005851467708283534 -0.5323403378474713 0.02599401284064945 0.0061389028607657554 0.999643248948398 25.156905357549967
0.9995871648290746 0.010910122792962629 -0.02657948700814987 -0.6604066086128222 -0.011050038142733035 0.9999258237713535 -0.005122851961199733 -0.5514978791956003 0.026521624498097758 0.005414441412988533 0.9996335764959926 25.91002359149375
0.9995853829579883 0.010343026005518176 -0.02687162052766087 -0.683840498981839 -0.01051765342706057 0.9999244275500981 -0.006365387261543488 -0.5698953933218965 0.02680375240748378 0.006645374455238774 0.9996186262046293 26.67375432285953
0.9995723720840414 0.011118559035749292 -0.02704534361498748 -0.7122405696926436 -0.011308111601925911 0.9999124893710232 -0.00686587298414688 -0.5864418493513811 0.026966638245851014 0.007168768709101655 0.9996106287834855 27.42918822464763
0.9995650869672507 0.010545311566319927 -0.02753966811933524 -0.7431061000265201 -0.010705437180240623 0.9999266003491881 -0.005673405404849377 -0.6018749151195757 0.027477818889675983 0.005965762153914458 0.9996046114094271 28.217057579979738
0.9995596628693929 0.010468920775569492 -0.02776476295994831 -0.7758058898252099 -0.010579821197424377 0.9999366189177397 -0.003850393588066237 -0.6177089131846394 0.027722693733795337 0.00414244434450653 0.9996070690061158 28.99533240814636
0.9995335717184003 0.01104413972980969 -0.028472196709906944 -0.8000137152628048 -0.011088115105365242 0.9999375629112136 -0.0013870769935999106 -0.6359317837567212 0.028455099916700057 0.0017021330160828223 0.9995936224446058 29.78603774703218
0.9995103704695397 0.01224661650040408 -0.02879304964981732 -0.8392778021093072 -0.01229310529515477 0.9999234027567638 -0.0014381173562187527 -0.6572575038276085 0.02877323210984546 0.001791369202606089 0.9995843596767288 30.542435487367126
0.9994867794970527 0.013534314930862873 -0.029034461075817003 -0.8643057865405815 -0.013699003308049549 0.9998911433348848 -0.005480765349533327 -0.6720963436630828 0.02895712207690798 0.005875695686708558 0.9995633853244242 31.313132013744447
0.9994727580466481 0.01439661341756461 -0.02910229277449676 -0.8842900454040374 -0.014676396437068263 0.9998478923860882 -0.00942313529102477 -0.6936442755843146 0.028962204858217027 0.009845283804752808 0.9995320210361235 32.07511969459081
0.9994831868924533 0.014716977417076543 -0.028579182896158444 -0.9195606921867028 -0.015011677075486682 0.999836057087024 -0.010124648144430086 -0.7115727938866868 0.028425493323566385 0.01054843705827753 0.9995402552198398 32.847838492232114
0.9994883857947982 0.014842155443860002 -0.02833155631253663 -0.9460957465942186 -0.015051712082538339 0.9998608099010899 -0.007197693194043415 -0.7312741777254753 0.0282207835591878 0.007620449180426526 0.9995726667579488 33.63801700218354
0.9994891994983246 0.01602638138130813 -0.027649506071884374 -0.9806960258109987 -0.016180607295111695 0.9998547015327679 -0.005363186587969555 -0.7481314110734866 0.027559536167354192 0.00580783286922217 0.9996032918331187 34.433663019030426
0.9995050325313862 0.014661451512212546 -0.027834004095484605 -1.0018916273545628 -0.014786385593345613 0.9998814807887658 -0.004288027139187583 -0.7661245729592999 0.02776783652928917 0.004697469022411113 0.9996033618587273 35.24618135328004
0.9995198759171233 0.014568133740260952 -0.027345696662254764 -1.024837415139239 -0.01470870971163504 0.9998795852608131 -0.004946598556544488 -0.7866887237947161 0.027270341127991874 0.0053464434895160295 0.9996137974421823 36.04630540925078
0.9995451260671588 0.0136932556290514 -0.026870722090500784 -1.0473119651350107 -0.013876927415695645 0.9998815249647558 -0.00666084976933606 -0.8053589188892445 0.026776329862155588 0.007030702982461989 0.999616725237573 36.83405236464885
0.9995448574692123 0.013270438585724633 -0.027091942835365628 -1.0663972004565734 -0.01350307081537219 0.9998733609070534 -0.008421949120265776 -0.8277306756930012 0.02697674897772594 0.008783940355660333 0.999597467687081 37.62324520528842
0.9995862513794406 0.012595385412740039 -0.02585889246473281 -1.0998100135143603 -0.012878283592721227 0.9998587143000098 -0.010802835277458695 -0.852713733143428 0.02571917309913978 0.01113138376981839 0.999607231081523 38.39132062710236
0.9996020715070214 0.010783544884386704 -0.026065567298604396 -1.1207843213875168 -0.011161258688614471 0.9998341760073572 -0.01438912061835341 -0.8755079345936009 0.02590607927412933 0.014674319316755032 0.9995566714345099 39.14506963131406
0.9996480354286775 0.009342157627526276 -0.024830009151187438 -1.148131841043496 -0.009749400800173847 0.9998191056128639 -0.01633111250115686 -0.8985487851117393 0.024672949714679752 0.01656744223923221 0.9995582851490108 39.899629722301604
0.9996645290710842 0.007896533407838144 -0.02466726732385627 -1.1709192874082641 -0.008239483313697638 0.9998703783732276 -0.013832475067663785 -0.9246192971272161 0.0245548413110518 0.014031080211912177 0.9996000142838537 40.66826438537732
0.9996929695922329 0.006642513121412883 -0.02387139642532725 -1.1982798911578083 -0.006838636894505312 0.9999434556100891 -0.008143624989764718 -0.9438693310232468 0.023815952495928657 0.008304372461580087 0.999681868298478 41.447089890229705
0.9996986794418545 0.005447726621691631 -0.02393475708813212 -1.2180358477231499 -0.005493238422670885 0.9999832262902416 -0.0018361562532239876 -0.9629797609499597 0.023924352736160295 0.001967082308869785 0.9997118364475589 42.23774730005483
0.9997134269528951 0.0034390154720431703 -0.02369044412166215 -1.2370012646469442 -0.0034632391269720166 0.999993521241665 -0.0009815546036033044 -0.981136356382965 0.02368691505553036 0.0010633189895261758 0.9997188601841438 43.023201673568984
0.9997364321069652 0.0003910979573763652 -0.022954593449316805 -1.2639070709696343 -0.000482800544658494 0.9999919251652521 -0.003989549839472803 -0.9978688129631247 0.02295284778997389 0.0039995808124462535 0.9997285482227966 43.80628247076518
0.9997301058391377 -0.0008701146228592404 -0.023215477152334744 -1.289499493281113 0.0007027677944226666 0.999973720259897 -0.007215601638311101 -1.0171263581756969 0.023221145456126004 0.007197339099886034 0.9997044446803226 44.5887724296598
0.9997331732467055 0.0012481035259997715 -0.02306565732128026 -1.3158145777578258 -0.00151608781073744 0.999931516281171 -0.011604491603769536 -1.032403912779094 0.02304959409240055 0.011636364776861738 0.9996666000357124 45.31052987180684
0.9997113529887591 0.0007968752504178266 -0.024011990655119542 -1.3256878724029244 -0.001178930789337872 0.9998728748328708 -0.015901078442625532 -1.0553126786276372 0.02399626695092748 0.015924797118953216 0.9995852039767023 46.038079780852925
0.9997150623611222 0.0038334424656329335 -0.023560534950686822 -1.3443270622899877 -0.004226418367845392 0.9998524080243242 -0.01665231382524894 -1.0771380664924812 0.023493221917815697 0.016747145631936623 0.9995837141716087 46.81240828803069
0.9997028851907975 0.007589821217772185 -0.023163245780318933 -1.3597488864173073 -0.007894693505866248 0.9998830387229583 -0.013098957538146517 -1.0984217017258335 0.023061117831657284 0.013277932369912511 0.9996458779769666 47.572618845158075
0.9996906418962626 0.008299498227961737 -0.02344651006450021 -1.3792114257804025 -0.008558865924228559 0.9999030496472512 -0.010983493078816398 -1.1229102994518194 0.023353079435733313 0.011180770782257233 0.9996647558284671 48.34904646112486
0.9996960970502774 0.008513323752714878 -0.023135186645584758 -1.4084613551388083 -0.008751370751684456 0.999909604118925 -0.010207698109547797 -1.1438201954950218 0.023046193881226598 0.010407060555726344 0.9996802318932712 49.10703953694388
0.9997026646821319 0.006544699213712246 -0.023489340979462883 -1.4233956913413117 -0.00675729523466375 0.9999368220347783 -0.008982811369191355 -1.1700299510981327 0.023429067172189597 0.009138864873982458 0.9996837299667641 49.86686236786685
0.999707609774013 0.005382360801520699 -0.02357382345174547 -1.4434626832568491 -0.0055646731727688175 0.9999550640085847 -0.007674918635561957 -1.1877522329173238 0.023531454957397363 0.007803855187308193 0.9996926380002051 50.61953788524842
0.999692988460992 0.00326877999554091 -0.024561023986666555 -1.454666386713727 -0.0034026513469232506 0.999979572685307 -0.005410746336402902 -1.2088426683871993 0.02454283573151408 0.005492657776192006 0.9996836899363797 51.38030121111414
0.9996750412677176 0.001825665768368093 -0.025425947590825247 -1.4826985543643687 -0.0019244333127143457 0.9999906961558912 -0.0038605903790584393 -1.2284214488999874 0.0254186628840709 0.003908266387053096 0.999669253819002 52.172244038842464
0.9996672354027731 0.001405051401662342 -0.025757412384352217 -1.5066290413097219 -0.0015531240115199472 0.9999823793953746 -0.005729633894368336 -1.244240582324502 0.02574890809303724 0.005767731730700983 0.999651802880736 52.94702827109733
0.9996578425346113 0.0018848398192942055 -0.026089178559394986 -1.535075730786582 -0.0021395430111400384 0.9999502924845887 -0.009738322015770103 -1.2633322810655296 0.026069526554040354 0.009790808895844216 0.9996121847228654 53.711403570817694
0.9996575557736124 0.0022870251901386963 -0.026068001467491768 -1.562454409200381 -0.0026018083903864976 0.9999240358711066 -0.012047949216830056 -1.2837795821304592 0.026038467271119015 0.012111647411118703 0.9995875680595303 54.476926882820656
0.9996300637378545 0.004707003068572385 -0.026787679884021 -1.5857531524127977 -0.004983503512379375 0.9999348998058801 -0.010264542997107634 -1.3076439531698247 0.026737620765474854 0.010394242267228218 0.9995884449929872 55.22932575507763
0.9996078982589912 0.006049917865072179 -0.02733949948465097 -1.6166847575828882 -0.006203555617378356 0.9999654209315125 -0.005538306506339175 -1.3313008747310633 0.027305047810750133 0.005705737032319146 0.9996108637509783 55.982114022064046
0.9995740766749466 0.007077233426178988 -0.02831215298175515 -1.6379827252591614 -0.007113976403949564 0.9999739786104545 -0.001197264254665981 -1.3524143013904817 0.028302942941589655 0.001398166300149893 0.9995984136401221 56.72187679823478
0.9995353093247183 0.007449159613204165 -0.02955800118748684 -1.6586219066242147 -0.0074715313676618385 0.9999718787322022 -0.0006465012026948276 -1.3693216552018685 0.029552354088370095 0.000867044312651084 0.9995628577543294 57.47814437878322
0.9994962737256796 0.007109423067721684 -0.03092983854031057 -1.672537927660142 -0.007192152557649058 0.9999708481887266 -0.0025643155612891546 -1.3883902228082032 0.030910706075289604 0.0027854759655296098 0.9995182686542446 58.1547909709625
0.9994675307845607 0.006848236847812471 -0.03190229708804852 -1.69070554724335 -0.006963599228465713 0.9999696062157 -0.00350641278158129 -1.4019019085976114 0.031877314711296935 0.003726700536106058 0.9994848415608499 58.87538932472721
0.9994566120432052 0.006316042979062504 -0.03235101612327798 -1.7184138444605561 -0.0064457360688824515 0.9999715965908641 -0.0039062127489607654 -1.4226922894798872 0.032325425436522504 0.00411261627148607 0.9994689356141879 59.6283229510563
0.9994432639864045 0.005300950372995241 -0.032940279254270434 -1.7563066591623728 -0.005420851316888278 0.9999789996469792 -0.00355170888713789 -1.4443750743925237 0.032920760064226666 0.0037282958790637523 0.999451010988852 60.35696834279152
0.9994415038780182 0.003490172235493458 -0.03323400402924523 -1.781548161407539 -0.003547659668177203 0.9999923109609908 -0.0016709667165476848 -1.464775850379643 0.033227916530050514 0.0017879364238221225 0.9994462010765878 61.061546363183034
0.9994197472707353 0.003938509897792378 -0.03383277855997578 -1.8072603636296918 -0.003911559946555395 0.9999919776785469 0.0008627150892888073 -1.4790503857628268 0.03383590495446789 -0.0007298755550088342 0.9994271353218269 61.79125769395301
0.9993695934959176 0.0023485097086326243 -0.035424569128739467 -1.8209734913362696 -0.0022903572487473446 0.9999959624330784 0.0016820764567943276 -1.494721617460981 0.035428376472559614 -0.0015998811461688889 0.9993709374005448 62.46521825989446
0.9992910749875897 0.0011511513516585848 -0.03763007176072072 -1.8470448503217622 -0.0010891051854628499 0.9999980136375245 0.0016693025167567087 -1.507320794410285 0.03763191863360595 -0.001627136000166402 0.999290343758208 63.1704036669038
0.9991328899826214 7.915644376751452e-06 -0.04163493836096416 -1.8666631229124397 2.132356855549962e-05 0.9999997534887249 0.0007018317367139822 -1.5225404661654103 0.04163493365293212 -0.0007021109768480415 0.9991326435163146 63.80417142367293
0.9989790673594178 -0.0005679399136064254 -0.04517189858713392 -1.8980617201395265 0.0005755066908358349 0.9999998224599691 0.00015450589216335967 -1.542334689922633 0.04517180281724991 -0.0001803448819305452 0.9989792168538693 64.46221365477423
0.9988015211913379 -0.0011511028324844652 -0.048930524503036546 -1.922659407054931 0.001169073986031204 0.9999992592868473 0.0003386617239435673 -1.55607262178543 0.04893009842508313 -0.0003954592483644771 0.9988021270902968 65.12698612900024
0.99867751095549 3.5780104810733104e-05 -0.051412331512339204 -1.966318507339544 4.595568726046017e-05 0.9999987370768147 0.001588626086078325 -1.5718399642483527 0.05141232342372096 -0.001588887834513041 0.998676248058214 65.76866854400551
0.9985194268913414 0.0006241112280398296 -0.05439268889993579 -2.0011356816220336 -0.0004951781359236473 0.999997036007921 0.00238385695404529 -1.582658024217899 0.054394015472327174 -0.002353393409247958 0.9985167763339106 66.39956172016107
0.998346016950862 0.0009448975578389212 -0.05748336808988339 -2.0418812650176195 -0.0007173252316949421 0.9999918247568793 0.0039794300986179965 -1.5974110198665767 0.05748665830315502 -0.003931613918357056 0.9983385330283213 67.02318339811139
0.9981272111856276 0.0027178658027081767 -0.06111205688145816 -2.0656795405514696 -0.0024293164334323815 0.999985550945337 0.004795448071596625 -1.6117090822281022 0.06112420725432959 -0.004638006686026348 0.9981193917470581 67.61557518223273
0.997924412728451 0.005009809522655501 -0.064200999128723 -2.1006837414202226 -0.004691249564530606 0.9999759310425117 0.005111703549271812 -1.6235343199553767 0.06422506253872184 -0.004799910853245113 0.9979238959949328 68.20284227404152
0.9977705437105299 0.007068021368940007 -0.06636252841419762 -2.1559889881763588 -0.006831039825999392 0.9999694584233711 0.003797251026239693 -1.6361917798769159 0.0663873406493469 -0.003335460146506274 0.99778835216048 68.74934093524872
0.9975978098849246 0.008510599712852089 -0.06874721380050816 -2.198363314058978 -0.008526370343853375 0.9999636477936495 6.403099460361222e-05 -1.650536773388868 0.0687452596297698 0.0005222870249887994 0.9976341095284915 69.26394081087524
0.9973177184485562 0.01089849662000089 -0.0723781129900042 -2.223631099887521 -0.011204976831411572 0.9999298883315441 -0.0038297409134554553 -1.6632580139870743 0.07233130002134149 0.004630463549209702 0.997369912241466 69.7611617527492
0.9971170022243384 0.012927037715284084 -0.07477015160517049 -2.252469125661906 -0.013460617863557931 0.999887376466775 -0.0066367272892474145 -1.6747131851474064 0.07467593750254231 0.007624046057591294 0.9971787092993089 70.23154947126824
0.9970530042066544 0.015317691993198582 -0.07517097255251162 -2.2896562746529145 -0.015926619103600943 0.9998449761138849 -0.007507765562697545 -1.6865513943032484 0.07504431761577646 0.008682859656656902 0.9971423962212081 70.67764416170746
0.9970491259097444 0.017834519062450503 -0.07466572474991069 -2.3314952898597308 -0.018392561875001438 0.9998077665874878 -0.0067929035768771046 -1.7039808592309498 0.0745302233345126 0.008146152536118037 0.997185482249202 71.09068644435915
0.9971807359354045 0.02215360549793232 -0.07169238204139419 -2.369807709242106 -0.022615617695179325 0.9997283310204691 -0.0056389707647047215 -1.7100094169354683 0.07154798191138857 0.007244440520970491 0.9974108503349827 71.50311686486224
0.9975128624771684 0.02508769757313632 -0.06586878337335973 -2.4063060311900992 -0.0253764802366926 0.9996716581425903 -0.003551078319763545 -1.7282146038340638 0.06575806751573618 0.0052137641791161005 0.997821974712768 71.88922224062053
0.997963600854012 0.025887982120912544 -0.05829634424390039 -2.428899836259663 -0.02602945284592082 0.9996597838458664 -0.0016685759706532902 -1.7402715158262234 0.0582333148209653 0.0031826000275569227 0.9982979275256633 72.2663957399167
0.9985574521514186 0.025519667272415045 -0.047241521304619644 -2.4561756524261336 -0.025488285882380963 0.9996743184139805 0.0012666437199468545 -1.7547113595425041 0.047258459937320134 -6.071112524389689e-05 0.9988826929517396 72.63576123714029
0.9990404089776954 0.025161386315909764 -0.03584921014949196 -2.4666568942571154 -0.02506886112351823 0.9996811403084588 0.0030281865103301076 -1.768864480413324 0.03591397265202388 -0.0021265818191163973 0.999352622560287 72.98451437810103
0.9994576766448225 0.024664911248129414 -0.021817303886067476 -2.4777738145690194 -0.02460550055993016 0.9996927751791019 0.00298740638226076 -1.7762409191712598 0.021884285182068218 -0.002448960559024341 0.9997575109266534 73.32212869985631
0.999685653165508 0.02412254763745057 -0.006833560604295725 -2.4712714410987036 -0.024105156089816178 0.9997060056125366 0.0026160642393695008 -1.7901864569437131 0.006894657710067443 -0.0024505178428421434 0.9999732289703412 73.64677164698928
0.9996839193668242 0.022587059617046074 0.01104020367758593 -2.4574322644374136 -0.022583157984094812 0.9997448537171233 -0.0004779556313245027 -1.8002347841300348 -0.011048182422995592 0.0002284818949775526 0.9999389408664809 73.95967367178085
0.9992471117899885 0.021769045482240647 0.032114143895799696 -2.4352088060655293 -0.021611052897047 0.999752623718168 -0.005258684370923514 -1.8091200935655698 -0.03222067615753725 0.004560704706984143 0.9994703737482841 74.2711829232803
0.998253904499981 0.019868425684666756 0.055627221855463746 -2.399097274231358 -0.019340364932685258 0.9997627948518862 -0.01001520415210386 -1.8209363517160624 -0.05581301313147865 0.008921865878325155 0.9984013761380953 74.56288908510555
0.9964716782566471 0.01723246017189701 0.08214156529313665 -2.350732133085993 -0.01624156176511375 0.9997872309736625 -0.012716306595818398 -1.8308173732163957 -0.08234322135921515 0.011337332068568861 0.9965395420141451 74.85893397157295
0.9936602285151255 0.01477403413215518 0.11144989090497973 -2.292463374448158 -0.013223785495353612 0.9998054367217599 -0.014636263142501221 -1.8346045084381266 -0.11164444350008217 0.013069683127976468 0.99366226738188 75.14569822739415
0.9894830482980912 0.012719751326350998 0.1440885320104068 -2.2370473196328544 -0.01049019391298008 0.9998133721217929 -0.01622272351086158 -1.8442347008567006 -0.14426799008230015 0.014540593269797826 0.9894318158342104 75.41907904043838
0.9836488932588057 0.009753380295767384 0.17983249529363016 -2.1691032493647033 -0.006687604165016125 0.9998219251018022 -0.01764636042505109 -1.8562643890659674 -0.17997258330440208 0.01615517435761574 0.9835389568289717 75.6898118799054
0.9757360967039094 0.006707093816993473 0.21884717151827487 -2.093231382831031 -0.002872786632843392 0.9998368346725879 -0.017833988024424628 -1.8670615138537976 -0.2189310774786942 0.016772564634642374 0.9755961584536922 75.95369353920557
0.9661223903412662 0.00406216722381445 0.258052370031208 -1.9965851257774465 0.0007134184618240479 0.9998302682638358 -0.01840993475158003 -1.8800789680841554 -0.25808335458796444 0.01797034949312033 0.9659555106855205 76.20728531840759
0.9539824255922119 0.00506015687323028 0.29981982334998997 -1.902511571312745 0.0007508323413574295 0.9998141648969444 -0.019263227201390325 -1.8925178396195708 -0.2998615812537467 0.018601894630266375 0.9538013428404124 76.45630422023905
0.9389072646814199 0.00765584946555108 0.3440850713085588 -1.7956222321215836 -0.000871455126941136 0.9998022413875572 -0.01986752834074172 -1.8989655720608607 -0.3441691283285275 0.01835391199088954 0.938728259412818 76.69140320559482
0.9221079333454453 0.007494213912418902 0.38686017631597525 -1.66069190018444 -0.00037785896428019043 0.9998293817480591 -0.01846793480301863 -1.907006257006332 -0.3869325735628849 0.016883250608825142 0.9219534366576703 76.9149302169543
0.9012635732759571 0.006958805590613422 0.43321535811949863 -1.5399562197307817 0.0005253871001293827 0.9998527245783234 -0.01715380778985951 -1.9151456914026808 -0.43327092615850676 0.01568770786471139 0.9011271832364772 77.14922209263845
0.8789325436361135 0.005636189884599194 0.47691279821465904 -1.3878193911183476 0.002964820049591659 0.9998462885734364 -0.01728030867753906 -1.9279675325323848 -0.47693688636907416 0.016602186286820024 0.8787807313722104 77.36431586770516
0.8550152511096323 0.005762487450876911 0.5185708380812705 -1.2244109844518185 0.004923080229525258 0.9998030197851472 -0.019227191930860008 -1.9407137877159268 -0.5185794863383907 0.01899250817746227 0.8548184608337296 77.56099092295737
0.8281299658113566 0.007611928813757822 0.5604844496192707 -1.0597086352476537 0.005658170878837442 0.9997433307676558 -0.02193758619106172 -1.9565488712667223 -0.5605075778502835 0.021338489293262524 0.8278743407348101 77.75481808793708
0.7964627206141092 0.012970967696297096 0.6045484998484355 -0.9014695640592258 0.003609968252128993 0.9996500960745751 -0.02620407501328664 -1.9691411965428445 -0.6046768581657432 0.023052969767581418 0.7961372104001339 77.95868269210688
0.7621291288089553 0.019551476542125676 0.6471297634832801 -0.7274246339595072 -0.0006802291781226349 0.9995675412991548 -0.029398429710075655 -1.9838157582772775 -0.6474246892953436 0.021965203076136225 0.7618128389208586 78.14921618408214
0.7257797180852421 0.02441413836715054 0.6874938186368635 -0.5387992596721387 -0.004243395343129966 0.9995099214108355 -0.03101468357500801 -1.9984130403082567 -0.6879140894123865 0.01959252023313587 0.7255276278260169 78.30945397367383
0.6874370469144757 0.024663181093220084 0.725825071231263 -0.33647779877523576 -0.0014406786083079415 0.9994675403609999 -0.03259693559018081 -2.0033378695602932 -0.7262425428014093 0.021362660487076537 0.6871065461500586 78.45553563199798
0.6474131399160623 0.02200325973312571 0.7618215557629893 -0.11591853141854033 0.0036464820232280956 0.999482294043438 -0.0319663426514704 -2.0045286944219303 -0.762130519945818 0.023473398875614667 0.6469977357861063 78.59405077056294
0.6035886144237759 0.020274315066969726 0.7970381024057451 0.11326620401254611 0.004862547670407755 0.9995644349861665 -0.029108348303002234 -2.0127786543225747 -0.797281092318226 0.021445103388449096 0.6032271275170904 78.73528109142416
0.5579059549736305 0.018923551561906445 0.8296884021132537 0.35347020116759903 0.004581522812118423 0.9996545349574307 -0.025880888465343102 -2.025969806327661 -0.829891532101447 0.018240338136052435 0.5576265192859821 78.8641923996804
0.5104811389253623 0.016244973813468754 0.8597354870117107 0.6068106977905554 0.007370858964373367 0.9997021316981632 -0.023266248435569695 -2.030362714968417 -0.8598573586587461 0.018213970021337404 0.510209343364535 78.98265234068207
0.45957701187730216 0.012285747948791713 0.8880529435519413 0.8664164073646219 0.010415110183651525 0.99976100878381 -0.019221102867182368 -2.0383580343930197 -0.888076852324052 0.01808274627669271 0.4593392195897282 79.09340109332601
0.4087570081653609 0.012148953952125794 0.9125623875623906 1.1304486942485423 0.007784443310887218 0.9998286075959013 -0.016797555630832565 -2.055291637503462 -0.9126100540307708 0.01396990875777491 0.40859237747571464 79.1823278802259
0.3582048551269628 0.016636140000954768 0.9334947887424648 1.392150920892639 0.003432762376413267 0.9998110118914364 -0.019135219964223585 -2.0741663071601635 -0.9336367055262677 0.010058794484477588 0.3580800507534319 79.2603280162254
0.3084550465041104 0.022002329735431127 0.9509844277233773 1.6784866203968027 0.0025263834823353176 0.9997099868597347 -0.02394910351974788 -2.082077429243637 -0.9512355658156667 0.009789773190071762 0.30831000416502796 79.3306597239315
0.2621036033889751 0.024269894681114526 0.9647345092317791 1.9609340849355306 0.0038758011142843132 0.9996491750218371 -0.026201241265887024 -2.091809077628165 -0.96503195763469 0.010606558834919788 0.2619175856131922 79.38596973329227
0.22149205993344284 0.02374666268147458 0.9748729985992696 2.2773441837315085 0.011495823254686555 0.9995704066630945 -0.02696012186662434 -2.103095703222427 -0.975094412574568 0.01717842061595649 0.22112392098324324 79.42169015786243
0.186801711156764 0.023770332828347958 0.9821100203063471 2.597433903045612 0.01932071775582181 0.9994249800210158 -0.027864299298246183 -2.110193585811831 -0.9822076310914661 0.02418016929659868 0.18623503654920193 79.46001508021332
0.15671477118321073 0.024779018675365173 0.98733301409731 2.9218519892516013 0.023256055776583785 0.9993154565008106 -0.028771066512782505 -2.119725968399357 -0.9873700604954129 0.027470322751156028 0.1560312308649667 79.48672656477153
0.12906140093510074 0.023428874616101627 0.9913597947379604 3.257860572693429 0.02095152932822589 0.9994332666320095 -0.026347276293178398 -2.1327514570704107 -0.9914152450953546 0.024170920203496798 0.12849738677902411 79.52299470567435
0.10433285528836501 0.020230046608719434 0.9943366635710387 3.6175862487539465 0.015436738508457415 0.9996397189976652 -0.021957670789045723 -2.1377272752675154 -0.9944226276647182 0.017640221553819946 0.10398298020317188 79.55563400320048
0.08015864876419203 0.016405971425125374 0.9966470965842901 3.981606109592473 0.011044346985939 0.9997885476517082 -0.017345961608737758 -2.147010279751955 -0.9967209305658015 0.012397745201276176 0.07996050578861356 79.58599477056777
0.05805287671572883 0.013380195130836601 0.9982238395687049 4.3893521475955035 0.016131583969049255 0.9997670549546331 -0.014339031556527063 -2.1611700440170565 -0.9981831673113317 0.016935353719082228 0.0578235098444522 79.59329576751841
0.0382971400136971 0.013991323602397727 0.999168440219477 4.7787981333844645 0.023662249879923762 0.9996089012898678 -0.014904442045023858 -2.174757624854644 -0.9989861996030749 0.024213370808430633 0.03795109585640396 79.58476086421267
0.021671931030389075 0.0163902018211744 0.9996307761817227 5.201104059965477 0.028883489499899672 0.9994379890399008 -0.017013233031326302 -2.189032999838669 -0.9993478230524777 0.0292415346404795 0.021186344945419027 79.57127004947006
0.007214159863734339 0.02237985755816652 0.9997235107134045 5.645061717645395 0.029982263672092217 0.999295205724276 -0.022586626166024002 -2.1919162435511685 -0.99952439678207 0.03013691742934301 0.006538076574903997 79.57638453090355
-0.0042747441149636085 0.02711252365838649 0.9996232478407169 6.087980701546944 0.026526240489726422 0.9992836959675504 -0.0269898784529141 -2.205581387624531 -0.9996389773954573 0.026400871847263176 -0.0049908754213636 79.58640724921064
-0.010500438539614234 0.027243433872158364 0.9995736771750882 6.542376266404225 0.02927621363350851 0.9992086353942734 -0.026925940443909304 -2.2135034050308686 -0.9995162050240922 0.02898099833265687 -0.011289713454362575 79.58032291330191
-0.01285196786043862 0.023820770614573238 0.9996336317918882 7.043375438003019 0.03539987482030603 0.9991003398866939 -0.02335293773787578 -2.2315898029651757 -0.9992905862584833 0.035086774226346734 -0.013683657755457743 79.56516119819715
-0.012035582838747836 0.02178551567900399 0.9996902200443544 7.516158614273468 0.037183148769614344 0.9990809155520208 -0.02132457800995375 -2.249090425576667 -0.9992359872389057 0.036914976450297024 -0.012834575192255088 79.55660599277533
-0.010285043733833875 0.021433734163574164 0.9997173665167554 8.00116029884891 0.035836759550502466 0.9991358844124688 -0.02105258046467032 -2.263219723129351 -0.9993047305703681 0.03561010417153304 -0.011044271844715967 79.55607618327488
-0.008692038955644714 0.021545750304796715 0.9997300781223877 8.487806206651165 0.03170135377422533 0.9992712476847536 -0.021260237990776823 -2.2862123164771924 -0.9994595902925136 0.03150800206846822 -0.009368734064876622 79.55588896762589
-0.006934565863023928 0.02246739584978701 0.9997235257410015 8.993865853314132 0.03124290268898548 0.9992643531055543 -0.022240360700593303 -2.302056849391124 -0.9994877652216971 0.031080037584517786 -0.007631411133393825 79.5513168943443
-0.0071086878422744245 0.023264599131368774 0.9997040687045424 9.51796997039432 0.02998545232277538 0.9992847223873372 -0.02304162000052072 -2.318805375895254 -0.9995250568175688 0.029812783005058567 -0.007801202685068911 79.56188049998816
-0.0061213463846915735 0.023123051099214042 0.9997138858825061 10.043192008454106 0.02971958917779394 0.999295200289925 -0.022931391074449435 -2.3330679866224457 -0.9995395315531779 0.02957071499591236 -0.006804239640741475 79.55926340839777
-0.005932289215793489 0.022180071443870353 0.9997363914429661 10.582895648654288 0.02830936086748761 0.999357002557442 -0.022003670754366995 -2.3459357119112663 -0.9995816064894046 0.028171366138992127 -0.006556378415571733 79.56280633154896
