1.0 0.0 0.0 0.0 0.0 1.0 0.0 0.0 0.0 0.0 1.0 0.0
0.9999783999748231 0.00043126457264104574 -0.006558475025588839 -0.0046107005368489174 -0.00043003729592538134 0.9999998897607757 0.00018853742447570316 -0.00011642540030355777 0.006558555612099433 -0.00018571296319719205 0.9999784751978306 0.06458354467907268
0.9999068953150906 0.000889941100549357 -0.013616486557650825 -0.011083347511956044 -0.0008878971381958049 0.999999593627226 0.00015615394470525903 -0.0015127464541314277 0.013616619992094821 -0.00014404936659462953 0.9999072791563081 0.13221820915364296
0.9997751489934317 0.0012953980928626413 -0.021165382088290927 -0.01852195018326993 -0.001304201533805704 0.9999990686714133 -0.0004021376189280634 -0.002970971329531386 0.02116484144806092 0.0004296511216627943 0.9997759073344346 0.20126567134830692
0.9995426987085393 0.0019083990110969778 -0.03017865920921174 -0.031255593758875114 -0.00196079420488162 0.9999966212785957 -0.0017066685320238017 -0.003756620975002666 0.030175300239391138 0.0017650622103885288 0.99954306350995 0.2764997509938794
0.9991268983809891 0.002125131139871839 -0.04172439033974914 -0.043145951162876436 -0.0022620529296604945 0.9999922100830398 -0.0032346390494772184 -0.003972484497123641 0.04171719127804288 0.0033261976602925276 0.9991239224245388 0.35807211164735864
0.998482182540945 0.0021380913488438587 -0.05503416860147494 -0.06186500848271938 -0.0023557959079905898 0.9999896541953244 -0.0038912373295549993 -0.0059854893373945 0.05502527940784547 0.0040149804107898895 0.9984768893461629 0.4477895734487209
0.9974596681426262 0.0021113203855448836 -0.07120219627955512 -0.08105620291659148 -0.0023945560522863054 0.999989556113595 -0.003892783714417335 -0.006097123236039694 0.07119323373829262 0.0040533924019710175 0.9974543064621658 0.547012531674851
0.996078615660668 0.0003042890514224676 -0.08847202287560287 -0.11012174214670743 -0.0006851026520173165 0.9999906317123639 -0.004274005365328678 -0.005417360523811801 0.08846989351120638 0.004317857765124284 0.9960694925789243 0.6508581795802905
0.9941394536509012 -0.0007037853174978823 -0.10810296656852603 -0.13950936076811815 0.00020050801615122932 0.999989092495248 -0.004666335507150492 -0.003840644244768744 0.10810507153332094 0.004617312720263681 0.9941287511846836 0.7650687967954122
0.991525153228423 -0.0009783560153908684 -0.12991117478823752 -0.17174370056929095 0.00033667522417709235 0.999987636241953 -0.0049612511552229455 -0.006911293330365019 0.12991442246781662 0.004875467437992556 0.991513223639561 0.8821189618267896
0.9880778924732032 0.002276690083669017 -0.15393795856765374 -0.2129637732689555 -0.003272673664788154 0.9999753193455917 -0.006216937088775581 -0.013077465180057871 0.1539200052390774 0.006646606799331836 0.9880609569278895 0.9993439544169271
0.9837119860395775 0.006958784191098475 -0.17961710343019244 -0.25576052606230637 -0.008450255764894473 0.9999358701178611 -0.007539816253999956 -0.018909454952608207 0.1795531166523673 0.008934818085330783 0.9837077042120808 1.122197221537175
0.9783451530670575 0.010197350509515014 -0.20672874863642643 -0.30426073769994044 -0.012144919433682611 0.9998930009844397 -0.008153987630669603 -0.027342525197561748 0.20662347979391427 0.010488118273450149 0.978364317099175 1.2485553312147053
0.971785614667932 0.010869990188821059 -0.23561528481353897 -0.35820484455905294 -0.013199590968335484 0.9998783308302285 -0.008312300188593092 -0.030058474931909763 0.23549626307595375 0.011187799133503304 0.9718108577433205 1.3748506530653652
0.9635456441026967 0.012675763335694541 -0.26724355325166743 -0.40600345899239637 -0.015311059506492192 0.9998525148444153 -0.007779461169468375 -0.03407502887039303 0.2671055281859737 0.011587647869870439 0.9635976147901854 1.501909418187464
0.9545822499059675 0.014415117416284533 -0.2975986097990642 -0.4840692775399186 -0.01728373015078383 0.9998260519620821 -0.0070098851624977275 -0.0345416037909879 0.2974457947871104 0.011835126015015398 0.9546653491960791 1.631554089037054
0.9428530040710296 0.0164666742128376 -0.3328018349627953 -0.535879428984946 -0.019454592546263506 0.9997947907631523 -0.005647582821304614 -0.03973171973855662 0.3326405440458127 0.011799364526657401 0.9429798743630066 1.7614338530661453
0.9311993294513718 0.018628705544938808 -0.36403403708861565 -0.625003076862997 -0.02217854758981802 0.9997384918447377 -0.005573145504617233 -0.0379785692109962 0.36383501873255947 0.013263455572718349 0.93136897086501 1.878332400425867
0.9172405288370372 0.021480614952813698 -0.3977541897202358 -0.7061201435050759 -0.025433274880441458 0.9996656434178615 -0.004663678677733774 -0.03912652530349006 0.3975210193028899 0.014393906738692066 0.9174801658135114 2.012945441380366
0.9008860074978993 0.02218225407915463 -0.43348858012462493 -0.7851385929004182 -0.02622093649848235 0.9996505945638368 -0.0033393528280813494 -0.04558224836205441 0.43326304248532205 0.014374852769181797 0.901152872505118 2.14193704609887
0.882941633425025 0.018128847662032137 -0.46913262181092946 -0.881360600427423 -0.022625968195147523 0.9997361944589965 -0.003950576144810874 -0.04873385405388287 0.4689372426327235 0.014102707934669308 0.8831188912603596 2.2673528430578473
0.8627607058106661 0.013380954982030067 -0.5054353712917716 -0.9887915610142437 -0.017964477572916197 0.9998298247318872 -0.004195130765148454 -0.052388367910768924 0.5052932238360358 0.01269927637203704 0.8628542671419153 2.3875492750121667
0.8376868619269122 0.015075776752682308 -0.5459427097327584 -1.1062310423884503 -0.01855790175863276 0.9998274126676319 -0.0008655406787626107 -0.0545092011051878 0.5458354382388162 0.010856603228125008 0.8378220625699625 2.5274874174398736
0.8078358821897742 0.020841451095005185 -0.5890388963073026 -1.2326842527797306 -0.0235779343092903 0.9997173912154128 0.003036233712402961 -0.05759021022928003 0.5889357082571725 0.011435541863156526 0.8080989790377897 2.661142753556303
0.7755543889313891 0.023782149154527286 -0.6308326237528089 -1.3721181155704367 -0.026832966380687797 0.9996288971038892 0.004696806369784689 -0.057397720146589566 0.6307102200888087 0.013284481790952152 0.7759047240602879 2.7744539441572034
0.7398639480500062 0.022901265993757372 -0.6723666190343941 -1.5176347479212715 -0.026186600207035435 0.99964337460434 0.00523312327816144 -0.05498529774895077 0.6722466811710233 0.013735196595996261 0.7401998000736106 2.8930356657688168
0.6993021910174606 0.018736885891820897 -0.7145805586113138 -1.6661606546368317 -0.020144750653110218 0.9997759385342333 0.006500903715477653 -0.055602198565202286 0.7145422553350529 0.009848950962957403 0.6995229542378324 3.0170940290308126
0.6561514366660887 0.01481624019545773 -0.7544837779485387 -1.8305744246281532 -0.01449049048912405 0.9998702721606046 0.00703310279065641 -0.054212811365541444 0.7544901045384315 0.00631805950825159 0.6562810101455292 3.1323358175471894
0.6111495798085989 0.013917125162902992 -0.7913927626197849 -2.0092706946912484 -0.011748284432068956 0.9998947631128631 0.008511199232534482 -0.05107345722157289 0.7914279303339485 0.004095891438106746 0.6112487666741333 3.2360690345630934
0.5641263586177078 0.014784994734178115 -0.8255560886114508 -2.2020090312000495 -0.009308341373655772 0.9998900104483865 0.011546505376005892 -0.05124544096735849 0.8256360010886139 0.0011708698633687451 0.5642019343906617 3.3258549201770817
0.5132084897202489 0.015289120058498966 -0.8581277812114578 -2.3995640489678904 -0.00769165745460769 0.9998830981041502 0.01321470889760176 -0.04971645757844719 0.858229505717825 -0.0001814758500705689 0.5132660933491051 3.4094702529255296
0.46147435270711573 0.016951415373595208 -0.8869915846897211 -2.6214059673118184 -0.007663943156230118 0.999856298208972 0.015121074933684609 -0.04433415991466597 0.887120446032469 -0.00018013518214216918 0.46153795269995757 3.47958024661184
0.4074428788840986 0.019023878890029277 -0.9130325254220782 -2.855167593833815 -0.006769494564933353 0.9998184503306295 0.017811241444507055 -0.03906076182482 0.913205603569083 -0.0010762947721980965 0.40749768980889833 3.5514867462411877
0.35241973290514483 0.02094964226627015 -0.9356075268765125 -3.102460063785493 -0.005711643376015778 0.9997789344221389 0.02023510354996446 -0.03657361865134849 0.9358246144385235 -0.0017873932549521217 0.3524614819187194 3.611197180256734
0.2973838542590446 0.024468465475798323 -0.9544444129561959 -3.3569716033332195 -0.002711150425332174 0.9996891620987353 0.024783640686959034 -0.04048847808474391 0.9547541531145104 -0.004782612213917574 0.29735775377649765 3.664671703868653
0.24359814152274975 0.026015534377799267 -0.9695272752314409 -3.6366471254863413 0.0016600745307127679 0.9996275351283704 0.027240322423413864 -0.03613858451579781 0.9698748319237974 -0.008245179453267774 0.24346422204621387 3.7126805262173774
0.19329636061496142 0.026499999524754667 -0.980782476902091 -3.909957785576905 0.004169401827838896 0.999603967837285 0.027830263605554854 -0.03573863428793989 0.9811315574689298 -0.00946876492181729 0.19310931989276509 3.735688698492599
0.1468331227480207 0.027471552044299703 -0.9887797266794782 -4.200593791453439 0.001117863044916765 0.9996090208972622 0.027938427354281564 -0.030457946875228254 0.9891606464302329 -0.0052076068491160275 0.1467450046326189 3.739900882759618
0.10498072307774385 0.0280607191397469 -0.994078288578639 -4.501841940814471 -0.0007187878722190073 0.9996037113519363 0.02814078171320802 -0.0277181547943357 0.9944739972096142 -0.0022397081943590314 0.10495929011352535 3.737064902921226
0.06705688483586347 0.026943195180723557 -0.997385300889062 -4.819171114524848 -0.0012598306169199715 0.9996368156904173 0.026919315428511045 -0.02470941203322058 0.9977483585668907 -0.000548588895624105 0.06706647468964733 3.737450452263178
0.03327443994474339 0.02448351062614882 -0.9991463202923706 -5.121250824846986 -0.0014289007364071175 0.9997000452847176 0.024449492845854265 -0.020305417018730773 0.9994452310602356 0.000614137731465411 0.033299443625946626 3.723550148216066
0.0014364438248219695 0.021786793143821065 -0.9997616077213848 -5.436221703744175 -0.0005132841802695162 0.9997625235266479 0.0217860756213386 -0.018522167698421983 0.9999988365835671 0.0004818673434902313 0.0014472855194673925 3.715731345216308
-0.025254129719094506 0.019956702138470676 -0.9994818452437689 -5.782518521743204 -0.00034576452535399303 0.9998004839040959 0.0199718009209868 -0.015567701075153272 0.9996810038102274 0.0008499558170021214 -0.025242190794085337 3.695201469678295
-0.045958964691466535 0.017715142998724367 -0.9987862370262341 -6.128997724564076 -0.0007952256092676708 0.9998417767212558 0.01777045691904964 -0.012705438304071233 0.9989430119785205 0.0016109721959600514 -0.045937605378001276 3.6634361114439296
-0.06164755329393842 0.01691590823651494 -0.9979546238288625 -6.4742356609347524 0.00032084805072549237 0.9998566540977281 0.01692832871324755 -0.008836886182339587 0.9980979291779936 0.0007233982507581245 -0.061644143805972926 3.6254129342413774
-0.07498745788512749 0.017470423045899994 -0.9970314265250242 -6.8478441277452085 0.0016987348186969671 0.999847304642321 0.01739200102063646 -0.005486504590736007 0.9971830300701773 -0.0003895100555001145 -0.07500568526435006 3.5988533980493322
-0.08433775577675189 0.018764888740134003 -0.996260519091825 -7.246944132593802 0.0008172938487775117 0.9998236288747169 0.018762813609853473 -0.004708467946627643 0.9964368896128365 0.0007681759978789892 -0.0843382174600023 3.5587427208103124
-0.09105347758473703 0.020263448977146596 -0.9956398228552721 -7.647663823524589 -0.0012820950257160283 0.9997897446376894 0.020465159409346352 -0.006471301404893957 0.995845178957085 0.0031399287978345863 -0.0910083534356807 3.5096663459458277
-0.09577150916246921 0.021250254047141995 -0.9951764892398114 -8.059719950885997 -0.000848481011109888 0.9997699912575878 0.021429994418531623 -0.0021565110406342467 0.9954029827726628 0.0028967712606287823 -0.09573145044104792 3.4669761582216547
-0.09704435849194434 0.02188371907359127 -0.9950394441048036 -8.487166430349745 0.0013293941035099196 0.9997602039592205 0.02185788852421786 0.006202484422537613 0.9952791694776906 0.000798385200068304 -0.09705017972609763 3.426255269766273
-0.09605892943702081 0.024261812284040306 -0.9950799196748515 -8.93447311512859 0.003986691457715197 0.9997042562965709 0.02398971099748512 0.012628017670873137 0.9953676649191652 -0.001662650659589857 -0.09612724497326348 3.381667607343359
-0.09473449164970803 0.026574273910481245 -0.9951478202046184 -9.380954624996894 0.0032907110792089397 0.9996465407853926 0.026381143197242597 0.019451564905340286 0.9954971357630626 -0.0007755397674692481 -0.09478845512827282 3.3450310128608427
-0.09350203510630725 0.026879069052730555 -0.9952561906754657 -9.838612806069941 0.0008023830542030955 0.9996372150767777 0.026922006147021258 0.022231845494639677 0.9956187651970054 0.0017186856619017857 -0.09348968128720114 3.297377792158641
-0.09205489441089719 0.024219125460039233 -0.9954593564666269 -10.309708464504359 -0.000899124103520259 0.9997017374050761 0.024405487192846256 0.030613780915898788 0.9957535277320595 0.0031416860480573613 -0.09200566187974789 3.2472222198392884
-0.0909017761130068 0.02423465973791232 -0.9955649393017463 -10.78622398605073 -0.0012912718452770164 0.999700141288517 0.024453223197399548 0.036457907467010296 0.9958590260255307 0.003508386396596151 -0.09084322488975108 3.201461677917098
-0.08964588238905072 0.026696079212386613 -0.9956158572086806 -11.276474471487157 -0.0006952571510987969 0.9996387873174727 0.02686654998223174 0.0493155752765698 0.9959734596806176 0.0031006846243775274 -0.08959494051941719 3.1600249156110176
-0.08754884923823074 0.030211476505568997 -0.995701996424842 -11.777769912229711 -0.0015379537308918448 0.9995347120518644 0.03046299561303222 0.05958246145273518 0.9961590403622199 0.004198343810527156 -0.08746164996080004 3.1125190571181083
-0.08637764207688167 0.03224220535039711 -0.995740600328912 -12.296073928800084 -0.001252169743698063 0.999471872661362 0.03247164655087356 0.07017451005051695 0.9962616799918416 0.004051660515720805 -0.08629165096864362 3.0750973432168975
-0.08479984243654462 0.03158433267894627 -0.9958972922204196 -12.817194995116745 -0.0030196125578603275 0.9994847400482556 0.03195522415307209 0.0779551102785895 0.9963934306601648 0.005717021943131547 -0.08466077602623356 3.032575848849118
-0.08257818613972231 0.028516441662337362 -0.9961765183584647 -13.375318118963813 -0.0066151942345887916 0.9995528242785626 0.029161458845354933 0.0864284486901081 0.9965626334451373 0.008998001537513822 -0.08235261737928434 2.973232584127533
-0.0813062271784456 0.027512603401296347 -0.9963093666507861 -13.93618710656924 -0.007555417005074117 0.9995732020116742 0.02821931065796049 0.10059520383926383 0.9966605305197357 0.009821938414282125 -0.08106365665265519 2.923277412590318
-0.07989792734294887 0.030157362295131985 -0.996346754250598 -14.508580694805826 -0.004560243466908924 0.999520721928878 0.030619121710125218 0.10992322929638879 0.9967926190466188 0.0069899881385477374 -0.07972210910405945 2.8783146675559603
-0.07868292400800493 0.03225207210338523 -0.996377840638073 -15.080688807167846 -0.0022547943800967462 0.9994682107646402 0.03253016405175152 0.12037760817677753 0.996897142824599 0.0048061955815757755 -0.07856835948508542 2.8271815960759072
-0.07683139435846861 0.033727822268725074 -0.9964734672061988 -15.656305712959481 -0.0016827357388856116 0.9994218658722889 0.03395736174656481 0.13254645539969542 0.9970426797491481 0.004285792967843042 -0.07673022049538374 2.77692350291462
-0.07600858414349296 0.0292310527854597 -0.99667860451078 -16.215874336681992 -0.00190287477054654 0.9995641252461924 0.029460797484509794 0.13595246903867836 0.9971053475957818 0.004135828075403156 -0.07591983088772997 2.7255600930823918
-0.07570028434300693 0.021982948050840657 -0.9968882670316582 -16.90014651988215 -0.0002162089472907375 0.9997565674685102 0.02206261673680323 0.14473244100697782 0.9971305933547898 0.0018856825231082829 -0.07567710352109816 2.677345500832902
-0.07596301224619467 0.016958644190086636 -0.9969664112485032 -17.455874654326035 0.0030712685466711014 0.9998545935680533 0.016773760174107734 0.15496109262302857 0.9971059061503924 -0.0017877662314344932 -0.07600405128611884 2.6360599380525396
-0.07649785328272542 0.01800092378183566 -0.9969072400108928 -18.030935708622344 0.004132989103717156 0.9998341514489102 0.017736628696207263 0.15799449571896867 0.9970611800908707 -0.002763392740649121 -0.07655956384644377 2.588926288142504
-0.07699106040177345 0.02610532566170102 -0.9966899661330538 -18.6380595839899 0.0037294962173927346 0.9996577122301219 0.02589496547215417 0.1605425130006968 0.9970248078539325 -0.001723470607838077 -0.07706206701671671 2.538528233370042
-0.07704823541132805 0.03313434929667682 -0.9964766351082638 -19.234398411894958 0.002236153153493457 0.9994508557987138 0.0330603457678994 0.17085550778561437 0.9970248587869167 0.0003189669335251955 -0.07708001829930095 2.486425653052164
-0.07765320220706923 0.038679463008808354 -0.9962298325829938 -19.8457493178867 0.0007555043326309332 0.9992491241173611 0.038737800194271525 0.18052479061173196 0.9969801449377952 0.00225545827672999 -0.07762411679220893 2.4303141082604394
-0.07840858067492976 0.03895413580984112 -0.9961599619437901 -20.44071402728228 0.0002475435512463186 0.9992370326427583 0.03905497813962188 0.19289711575022653 0.9969212773327337 0.002815652429629091 -0.07835840033246091 2.3824663233710064
-0.0794114922899034 0.03549438698288235 -0.9962097988802369 -21.027058405643704 0.00010286623846324199 0.9993661620154958 0.03559864656073092 0.2020984195320563 0.9968419154062613 0.002724465292157334 -0.07936480944375905 2.3365298211251306
-0.08041245474803636 0.03236363870310366 -0.996236132656958 -21.616091243157832 0.000740297825657046 0.9994744135241185 0.03240908313652184 0.21802135504582704 0.9967614002761747 0.0018685824882937196 -0.08039414978069027 2.291791621349515
-0.08049737393907308 0.03353088523829836 -0.9961906707674245 -22.20799966746277 -0.0007607029787531528 0.9994316555401676 0.03370144262816172 0.23085635722182013 0.9967545305238837 0.003470682840184902 -0.08042611665828235 2.2430257167027783
-0.07964636099804599 0.036177937708600776 -0.9961664589830976 -22.79360846615913 -0.0019133791305579006 0.9993337940680229 0.0364459464675354 0.23525353595727444 0.9968213461599168 0.004808831122449269 -0.07952407800889004 2.1865780200642435
-0.07972754442147774 0.03478656421119529 -0.9962095229473085 -23.37289048880525 -0.0026569002005790913 0.999379925466974 0.035109905368022234 0.23908662134062986 0.9968131517701009 0.005446055821200525 -0.07958568297217071 2.140073663399571
-0.07922294503188776 0.02973568603794477 -0.996413324858881 -23.969999309787227 -0.003977772373797518 0.9995376155671262 0.030145188560172852 0.24518556368604164 0.9968489867113338 0.006351696012785907 -0.07906803178494057 2.085612661673056
-0.07874933166398515 0.025531959132808202 -0.9965674396774756 -24.550753452832225 -0.005385610237133303 0.9996464875832219 0.02603641805054907 0.2540426534950137 0.99687990147502 0.007417474325525589 -0.07858398761694894 2.0315113573185144
-0.07838197899669497 0.026398899054017076 -0.9965738123678047 -25.12895767005832 -0.0047290365906874415 0.9996282406195194 0.026851755414690842 0.2593977737146096 0.9969121834853268 0.00681752775294689 -0.0782279984011617 1.988959937754238
-0.07900529416358232 0.0287828468512393 -0.9964585847998233 -25.70360822132141 -0.003986164675782094 0.9995659723660191 0.02918865154737946 0.2655477032833125 0.9968662267251807 0.006278106013347867 -0.07885627051529737 1.9565142399536726
-0.07869273396698065 0.0337849199504671 -0.9963262682498867 -26.295298853884717 -0.0038650567132966205 0.9994077170723011 0.03419468369404643 0.2767681617242772 0.9968914258621152 0.006541730678753208 -0.07851554497245503 1.9096662468762
-0.078795833787602 0.04000267650303352 -0.9960878487615 -26.882966165458125 -0.0029561416487011586 0.9991808005932443 0.04036073528069348 0.28447258244139156 0.9968863916235713 0.006124834564212246 -0.07861303070923795 1.8697124526030982
-0.07882361801700913 0.04367858532437711 -0.9959312317759557 -27.474933385646295 -0.0031799296376242 0.9990235662677548 0.044065883505941164 0.29121525808986326 0.9968835063788563 0.006640423610014523 -0.07860775714947693 1.8171547713271392
-0.07880754060935638 0.043586914858647914 -0.995936520264325 -28.049155732732487 -0.003528712331980329 0.9990252411245866 0.044001315721718115 0.3047623626979399 0.9968836039038748 0.006982008956530869 -0.07857691657572291 1.7801311787148921
-0.07855622019015916 0.039134896722429036 -0.9961412450691732 -28.63877430965536 -0.003114516276212616 0.9992146670228379 0.039501253078948355 0.3174195486498012 0.9969048199591549 0.006205567255832002 -0.0783726411270724 1.7284449787381448
-0.07834221933911696 0.03537002145657747 -0.9962988799808948 -29.21756923966625 -0.004433039373999696 0.999348179689817 0.03582686021074601 0.3192887190830144 0.9969166689502813 0.007223387904089361 -0.0781343575916304 1.6798713049115646
-0.077800696861529 0.032649921576723105 -0.9964341594851599 -29.80776608461747 -0.009419931218231366 0.9993949126303263 0.03348243576069434 0.3270721475976306 0.9969244286623227 0.01199129808064997 -0.07744606062697264 1.616442815269302
-0.07784688676914008 0.03072205967080988 -0.996491855094631 -30.395069387566558 -0.013047289480705295 0.9994080951953095 0.03183123458637624 0.3366482045676275 0.9968799478661178 0.015479480213152375 -0.07739996921686239 1.5598372640740858
-0.07854514580414988 0.028632770089630735 -0.9964992847702414 -30.96418990551861 -0.010879978226465714 0.9995033003580424 0.02957665713319517 0.3442234226136578 0.9968511855559943 0.013164993367913729 -0.07819460854321264 1.517186441979226
-0.07992335319048868 0.02495089519747227 -0.9964886905748789 -31.53454315074043 -0.007821599703043377 0.9996402022340585 0.025657136542065813 0.34694537321799207 0.9967703246951468 0.00984474003199334 -0.07969944103209711 1.4701827900701925
-0.08095396226313102 0.023295483629581386 -0.9964455712362652 -32.09721110570917 -0.003188370040264304 0.9997156654554341 0.02363096569094142 0.3552946921247566 0.9967127421129826 0.005090057510868386 -0.08085666963306225 1.4301544034904652
-0.0827766462177758 0.02688113861216318 -0.9962055165616451 -32.66418453039027 -0.0030829789937747184 0.9996244525174038 0.027229564260313095 0.3596525671884695 0.9965633557789775 0.005325252688481162 -0.08266268567100105 1.3809428443937481
-0.08471998060533134 0.03352276165762774 -0.9958407248837946 -33.23793088920789 -0.0004002921813440349 0.999432664176001 0.03367773068707806 0.3636748860959574 0.9964047193045594 0.003251803946674159 -0.084658497025937 1.3376681268635207
-0.0861631710660868 0.0370612043001148 -0.9955914699753433 -33.816058733174934 0.0011330735144053506 0.9993108563216314 0.037101598107627816 0.37338893252824285 0.9962803943148953 0.002068713018774162 -0.08614578533044301 1.27898151355881
-0.08766103330459465 0.03573743379819506 -0.9955091054658888 -34.38765961974565 0.0010571218126036396 0.9993590402169394 0.035782554829862034 0.38582675806793054 0.9961498008499725 0.0020843613406289555 -0.08764262492849959 1.234805326957122
-0.0887291680051162 0.031499754380405025 -0.9955575825732521 -34.94133764384511 -0.002983854213514648 0.9994869301113797 0.03189001647166134 0.3911394017057599 0.9960513196412869 0.005800173316756354 -0.08858965306593793 1.1781319579760985
-0.09021676767031588 0.027986998792911194 -0.9955288357097896 -35.49885716531186 -0.007612793157086569 0.9995564890310294 0.028790113169448506 0.39655503859260727 0.9958930566137428 0.01017610605918272 -0.08996369631137108 1.1192547248645257
-0.09131265478894812 0.026709573065391724 -0.9954640112942619 -36.0566080494723 -0.011886861223531277 0.9995397809089718 0.02790929792555883 0.40109870158723493 0.9957513251839751 0.014381414642151879 -0.09095313797359379 1.058681137464415
-0.0918853351420905 0.02774532176157474 -0.9953829827288468 -36.61456319475359 -0.013290308965417575 0.9994885376370259 0.029086608943024735 0.40433612616914344 0.9956808991205086 0.01590158019026037 -0.09146959535289995 0.9981517520295318
-0.09254289107285413 0.028835366445007414 -0.9952910805155764 -37.18332540363432 -0.012812613932354647 0.9994633364585598 0.03014757037216733 0.4134897145050237 0.9956262603186468 0.015542223686022913 -0.09212377025933813 0.9349303557319033
-0.09305421789832691 0.028364544166503396 -0.995256934246409 -37.74177514811534 -0.014835564516300607 0.9994436612611726 0.029870955631603278 0.41663694335536966 0.9955505102991052 0.01754481687248058 -0.09258164420714131 0.8734490390170347
-0.09440504261958102 0.028002872108630013 -0.9951399535149148 -38.31096025505966 -0.015188610561747832 0.999447456740414 0.02956496785592226 0.4257426746930511 0.9954179996550164 0.017905875258856587 -0.09392755503054237 0.8251738556054649
-0.09482082741900745 0.029949184860664505 -0.9950437462814187 -38.87761429727477 -0.013569904051787212 0.9994155976343915 0.0313738889702471 0.4324118621056614 0.9954018627627715 0.01647754627587851 -0.0943590063381665 0.7700218635860183
-0.0948711261516998 0.03303436837434028 -0.9949413047656732 -39.43632160610212 -0.01251284299360289 0.99933073023463 0.03437325077642378 0.43957325364941124 0.9954109192604431 0.015710573345034805 -0.09439427791049908 0.7098914700233652
-0.09515222636333548 0.037373833275139344 -0.9947609011236952 -39.99889209922051 -0.01283675768958814 0.9991658126912378 0.03876720780604756 0.44876982868923193 0.9953799633658064 0.016458290779434167 -0.09459309274201887 0.6581546722347874
-0.09580762485348111 0.03947209713088462 -0.9946169376036323 -40.58210117966237 -0.01246785222555465 0.9990874785501553 0.0408504940628004 0.459656552749008 0.9953217829831773 0.016314525809321117 -0.0952280660666832 0.6024547521335345
-0.09651674373760043 0.039546633923092364 -0.9945454147114885 -41.14658576371873 -0.01212483173055467 0.9990895115034223 0.04090399075101939 0.46721264898485776 0.9952575077002892 0.01600661579493016 -0.09594937007087301 0.5446113176718352
-0.0969204596432031 0.03677402833242648 -0.994612535283343 -41.707790360286396 -0.01106533981287007 0.9992156167771614 0.03802248602423406 0.48622100448732536 0.9952306178757618 0.014690882507293779 -0.0964375197409229 0.48716054924466334
-0.09692930446635047 0.03258511829856408 -0.9947577192468231 -42.248066064513495 -0.010486354897306743 0.9993750162637935 0.033758157957894726 0.5008389944151204 0.9952360254214233 0.013703537251778789 -0.09652702611264788 0.4276638386012049
-0.09694235075052184 0.029680577754744805 -0.9948473470513506 -42.76846359809299 -0.010464359519718039 0.9994696114604885 0.0308381735331854 0.5085411596406069 0.9952349862272726 0.013399965341939896 -0.09658034540231197 0.37518807449141445
-0.09532442515451801 0.027690551286523226 -0.9950610470410405 -43.276410431108715 -0.011526738486063524 0.9995153029873916 0.028918737764580423 0.5078068996649081 0.9953795197153846 0.014226470520511358 -0.0949590399472024 0.31814018976283465
-0.09376174918506491 0.026927668675581204 -0.9952304431886406 -43.74380026484256 -0.014362377987367798 0.9994935632769837 0.028396110057995614 0.512327434053931 0.9954910629876594 0.016956344758697974 -0.09332751943622616 0.28704392338673507
-0.09038724570046475 0.027795596755304224 -0.9955187344373302 -44.230923248579614 -0.014320890448453777 0.9994708151372511 0.029206194302610056 0.5159401518308047 0.9958037245920716 0.01689658219566383 -0.08994135644217252 0.2504615645785129
-0.08465404509407391 0.029396205835101663 -0.9959766843313722 -44.71231379002122 -0.013869017269440127 0.9994331243093654 0.030677033644082845 0.5205309307645107 0.9963138777559937 0.016410152824408237 -0.08419836028741333 0.20823216649792195
-0.07762843456514021 0.030996609196646877 -0.9965003945635341 -45.187052128298205 -0.013245918748741252 0.9993962896869648 0.03211855844258574 0.5237407505276961 0.9968943634023929 0.015692876671862126 -0.07717099091170339 0.16902627602503395
-0.06849672665192384 0.032577865955597946 -0.9971192913025774 -45.6426391945742 -0.013767435509649224 0.999340659464715 0.03359619115488398 0.5269765023010188 0.9975563423473651 0.016029004660515336 -0.06800305031492249 0.13576272130945255
-0.05687438102050406 0.03415579348707442 -0.9977969164889247 -46.09781904492702 -0.01567721896749815 0.9992608515523275 0.03509950655437675 0.5328646302426652 0.9982582479443756 0.01763894345429551 -0.05629687455655523 0.10647966519259708
-0.04299234673952983 0.035658467751266985 -0.9984388473008567 -46.54030472983989 -0.01884152790023062 0.9991561854734945 0.036495395003191454 0.5392156037925683 0.9988977199634642 0.020381136074465383 -0.04228420915780786 0.09282496922330441
-0.024472437628421235 0.036567892569255724 -0.9990314754949265 -46.96207954628468 -0.020454770108840437 0.9991032479725173 0.037071583059782205 0.5484143316744186 0.9994912216604571 0.021342191166960737 -0.023702504084492076 0.08893813799541833
-0.0023017039907536497 0.037790352461754696 -0.9992830386930215 -47.37899205890069 -0.02126235738310555 0.9990579270817045 0.037830814076874865 0.5517484687388788 0.9997712810024328 0.021334188431300995 -0.0014960236380831074 0.0948021202704387
0.023633177447301475 0.038479261505001965 -0.9989798893660358 -47.78148493080279 -0.02090783795243662 0.999059456051819 0.03798770308397052 0.5550481128453351 0.999502043637677 0.019988739516809316 0.024415467569352613 0.11128101889102926
0.05257884337776185 0.03779307364526977 -0.9979013722876141 -48.17464905021944 -0.019369559430941086 0.9991342087821692 0.0368191934821878 0.5662803088825462 0.9984289085340536 0.017392999329345394 0.05326535626297104 0.14502016553511943
0.08719758234728828 0.037910234259567764 -0.995469434875414 -48.54593241470874 -0.017978618530335846 0.9991727771198441 0.036476440867471135 0.5680936855115513 0.996028790200626 0.014716507771954946 0.08780702415222395 0.18866954926159435
0.12412757154761565 0.03819242886512854 -0.9915309800299117 -48.899723378993976 -0.017229192875290535 0.9991912938713071 0.0363306091973191 0.5712121040520138 0.9921166770569638 0.012573648204250843 0.12468521354305745 0.253804690534055
0.16415392750563604 0.03820989339457539 -0.985694421274288 -49.239135963832354 -0.016876873345755054 0.9992120339749694 0.03592328361487944 0.5705121728961766 0.9862903523965647 0.010738491811180598 0.16466944331925937 0.3373954701746234
0.2067896816811029 0.0385450172161939 -0.9776258533805432 -49.57600320308574 -0.016012912874587344 0.9992231513511353 0.036009449109590905 0.5806407918354849 0.9782543708931195 0.008208255095240905 0.20724625539872008 0.45414042658808973
0.2539206565867566 0.03692401469865997 -0.9665200035680003 -49.91273951487692 -0.012289387721620991 0.9993135613590747 0.03494820500783816 0.5878557882319146 0.9671469749257207 0.003003867902428462 0.25420012916921453 0.5857414988951575
0.30332328260365404 0.03136004040738096 -0.9523715315443838 -50.229968800384476 -0.004346391043291532 0.9994934378374205 0.03152739451385568 0.5952936886143793 0.9528777965276751 -0.005423613701295144 0.3033059335043988 0.7213729846822377
0.35549558934144254 0.025502821584309016 -0.9343299695771422 -50.5288928970097 0.0009909906713947325 0.9996168451889182 0.027661900730831385 0.6027103156639154 0.9346774330731779 -0.010759595986469207 0.3553341064377808 0.8561215057580033
0.4070889266083734 0.020805545694334553 -0.9131515400530228 -50.804941262328356 0.006151361975386762 0.9996554165315391 0.025518795915981385 0.6050375811771106 0.9133678156026112 -0.016005544899025382 0.4068206680514063 1.0191671729974194
0.45826967830056825 0.020010215036837784 -0.8885879209422537 -51.08441155732087 0.0061685867340796514 0.9996508593133382 0.02569256724827856 0.6129294548843905 0.8887917925408592 -0.017255456188774543 0.4579862429633845 1.187253974094836
0.5063055138019708 0.019111671785426578 -0.8621423726364993 -51.35452044469708 0.007797689377839957 0.9996120528996159 0.026738357058352903 0.6132012291235013 0.8623189217070947 -0.020260496029944865 0.5059600671659052 1.3753940619495566
0.5505154304115445 0.015119181231397834 -0.834688068225303 -51.59806053496885 0.015579402235139936 0.9994758081903916 0.028379412752151598 0.6118590759053372 0.8346796050609993 -0.028627245781833146 0.5499913069259861 1.5837032349671993
0.5943588947465557 0.008492672471478691 -0.8041550713326062 -51.83209406875704 0.02609201616245615 0.9992141547530391 0.02983755408449832 0.6125262882173849 0.8037765304661673 -0.03871624278593552 0.5936702296867381 1.8006183866221905
0.6368602312809711 0.004176260420299834 -0.7709679660411667 -52.04886416598488 0.02695416782664372 0.9992534100790985 0.027678426293118657 0.609276678550103 0.7705079614446044 -0.038408088916169744 0.6362721902270134 2.0127524727180544
0.6778477193871064 -9.636690910991143e-05 -0.7352023259179212 -52.249747333428985 0.02300602939866591 0.9995130538258669 0.021080271416547718 0.6094554202110528 0.7348422905175003 -0.03120330022780452 0.6775198610534459 2.2303624659539465
0.7182037429620176 -0.007521718469904618 -0.6957922156409995 -52.45224141056973 0.01958170763437663 0.9997640263961604 0.009404692991109147 0.6143833978878726 0.6955572875913746 -0.020379285448581225 0.7181815539284814 2.4675498288214817
0.7577383408992475 -0.010467578152247567 -0.652474548575564 -52.630479594835684 0.014886443496060067 0.999888413201961 0.0012469741381531077 0.6145813421123163 0.6523886882306402 -0.01065790561457672 0.7578096123147348 2.704620771135313
0.7955148358677995 -0.010530833485360012 -0.6058425929730721 -52.81720834583227 0.012446560502147352 0.9999220002747338 -0.0010375443317246788 0.612827881244206 0.6058062636238554 -0.006715274579460619 0.7955838585852656 2.976826404464879
0.8299178967060232 -0.011843585921818655 -0.557759817663093 -52.9779928452925 0.01235827656442028 0.9999195890494864 -0.0028440174862506226 0.6147223357508189 0.5577486510314571 -0.004532649072817851 0.8299975285294324 3.257971714352347
0.8610921049856589 -0.010539216547431807 -0.5083397600482744 -53.131410753678374 0.00919309242369507 0.999944434272561 -0.005159013376213074 0.6119357464102089 0.5083658857388637 -0.00023082870899130634 0.8611411457682424 3.55200193107774
0.8873136422294039 -0.008140321377929327 -0.4610946057822158 -53.28031468841897 0.007628094030621834 0.9999664816346758 -0.0029745232602681063 0.6018919157184037 0.46110336422005455 -0.0008779379419558275 0.8873459960634922 3.8759202216798743
0.9086138415175533 -0.0018002686677369526 -0.41763338711774695 -53.419077538002625 0.0009908969055545073 0.9999971874527716 -0.002154810865821805 0.6006059518594176 0.4176360917426079 0.0015440593475855246 0.9086130698788591 4.2218859426028965
0.9266418220450306 0.0031010654510543792 -0.37593259639214116 -53.560010483430375 -0.004882991217100796 0.9999809061136845 -0.0037873215902095797 0.5976072674033789 0.37591367364574757 0.005345166145425571 0.9266392713267819 4.574087190484281
0.9402119769941529 0.008128536013310076 -0.34049282697147815 -53.69400663025203 -0.009529574378346064 0.9999516093630658 -0.0024425692173853206 0.5944566837649485 0.34045649579486065 0.005541284552739483 0.9402439410262545 4.9683976763677355
0.9504331317003433 0.009414557177892764 -0.3107864673363742 -53.814190640721016 -0.009954337222906305 0.9999504429992409 -0.000150718531899796 0.587139866880269 0.3107696467429396 0.0032369211864593603 0.9504797467618626 5.356247444397617
0.9580409486866733 0.008547269754240056 -0.2865039001816343 -53.925347550324375 -0.00855607053289326 0.999962650440626 0.0012212210266502924 0.5811802006895894 0.28650363749274743 0.0012813678269734342 0.9580782973222542 5.7597628418350055
0.9640614289869938 0.008774167897775692 -0.2655345083360308 -54.03045852564087 -0.008185633134180408 0.9999609757648242 0.0033230043116194924 0.5764357952791516 0.26555330265268484 -0.0010300122154876027 0.9640956293465297 6.172844771788475
0.9688260894849765 0.011544266665418336 -0.24747270201055754 -54.14345567911206 -0.010324546231587397 0.9999273183771604 0.0062258901511594135 0.5740540449500442 0.2475265886291011 -0.0034767614557484183 0.9688748629474361 6.605762868120679
0.9724741611426598 0.01629996639999251 -0.2324399212812616 -54.25046254171128 -0.014935150627593942 0.9998593487147112 0.007630469417148239 0.5739947871708465 0.23253160470269627 -0.0039489091093657235 0.9725808238553897 7.04461944487857
0.9755089068050068 0.02032474681297597 -0.21901889738351157 -54.35645210025151 -0.01882565925051789 0.9997829054453636 0.00892953151133439 0.5699979666116213 0.2191528400406532 -0.004587662391338031 0.9756797558911904 7.492886379097187
0.9784518521464801 0.01958783146459219 -0.20554388798900974 -54.457301041288716 -0.018128658348833305 0.9997953338969823 0.008980092666206765 0.5654994756982407 0.20567772066413792 -0.005060353380654712 0.978606697323323 7.954983193731782
0.981291849024058 0.01912629221596406 -0.19157372467281758 -54.55263993773202 -0.017830972180910867 0.9998050261051057 0.008483289813096954 0.5652504710303209 0.19169862667747672 -0.004908637391267685 0.9814415631146485 8.422864129262983
0.9837963370459296 0.01899618544769805 -0.1782804312128792 -54.62046555685017 -0.017693813683693563 0.9998039073429671 0.008892458549958689 0.5656285999881668 0.17841439452112667 -0.005593907415454095 0.9839395367742273 8.897730492888343
0.9862641105454847 0.020671893429338877 -0.16387732323897639 -54.70042118848262 -0.019432846252005236 0.9997691979337658 0.009160532158143447 0.56503659776193 0.16402886555869314 -0.005850101274382622 0.9864381924776644 9.383538233153105
0.9882803251767729 0.020869527747408623 -0.15121660517315513 -54.779325314648865 -0.02012032216365165 0.9997765463393368 0.006483056826725493 0.5585993233721559 0.1513181136035096 -0.0033645506962793766 0.988479391942028 9.875283904463965
0.9899334862459366 0.021906998582136725 -0.13982766615405426 -54.862376013084095 -0.022017002590231118 0.9997573073052839 0.000760320083346813 0.5552002864331048 0.13981038733194745 0.0023259197771282347 0.9901755630650938 10.373121592151824
0.9912684486927222 0.01935216775153821 -0.13043142347471753 -54.92699460927631 -0.02025722698600931 0.9997790301477267 -0.005615659507779435 0.5528123055655546 0.1302939268775106 0.00820880504009749 0.9914414295048629 10.876108110255075
0.9923218005335939 0.01887551083392166 -0.12223403485333208 -54.99006493333824 -0.019685054279164366 0.9997915472021154 -0.005418558962078328 0.5453412308793761 0.1221062767583774 0.00778313779639492 0.992486513733181 11.386639684836874
0.9931257246836391 0.02109330359025522 -0.11513629972882737 -55.05922806420437 -0.02109932528977044 0.9997767039006343 0.0011665375682335304 0.5367950621121738 0.11513519637327889 0.0012707797728151958 0.9933490180570221 11.91130134137423
0.9935955604410962 0.025252037596616532 -0.1101371729660996 -55.127573810339854 -0.024344500510760047 0.9996577525452547 0.009577216247400369 0.5313078902418784 0.11034132302372969 -0.0068346450812756055 0.9938702531316553 12.462041631344064
0.9940185019684581 0.0263959004088322 -0.10597393163410916 -55.189028313813004 -0.025131497292550584 0.9995963514758918 0.013249224879861052 0.5257165179559106 0.10628088063343448 -0.010506691091380319 0.9942806363668593 13.016475568545163
0.9944202404021474 0.025079043385226416 -0.1024667119674415 -55.25019392251729 -0.02393441944606501 0.9996368100776712 0.012385132357597835 0.5201128027722074 0.10274010436200903 -0.00986354503296815 0.9946593293359597 13.564043119309591
0.9947772469186011 0.025461063011006913 -0.09884312461370066 -55.31756287527349 -0.024465658349114898 0.9996371455423181 0.011269818700749355 0.5197927350273874 0.09909420050938615 -0.008792697103446637 0.9950392092289869 14.118011666187915
