1.0 0.0 0.0 0.0 0.0 1.0 0.0 0.0 0.0 0.0 1.0 0.0
0.9999247172937266 -0.0023875894997292635 0.012035745155252207 0.0023584115375302416 0.0023747183573668766 0.9999965932695597 0.0010835875589583419 -0.0034692531943745788 -0.012038291314990622 -0.0010549244785896597 0.999926980672369 0.2006130726558845
0.9998168385165288 -0.004946244539983092 0.018488485166833532 0.013211766688283697 0.004928311133809176 0.9999873402618575 0.0010154138980109802 -0.007202664655376513 -0.018493273592901524 -0.000924110906000136 0.9998285577291998 0.3947236845506753
0.9997613982349998 -0.00776434508982497 0.02041718747832251 0.019408002687351253 0.0077716797499586925 0.9999697608630638 -0.0002799166500709989 -0.00955060281201544 -0.020414396710726968 0.00043852570394060095 0.9997915083166812 0.5941898300677908
0.9997955194936907 -0.009300275761741965 0.0179561708361628 0.02484235818034069 0.009350168642763137 0.9999526501196931 -0.002696639566928124 -0.002618906976801342 -0.0179302411220205 0.0028639813822005527 0.999835138442308 0.8066606067857486
0.9998737622602928 -0.012042865959179024 0.010364792469580917 0.03129584684684873 0.012080674519235515 0.9999205708882697 -0.0035929399711872464 -0.011802720552639897 -0.010320699908849424 0.003717700090850847 0.9999398291194459 0.9991500629444934
0.9999084067144306 -0.013479640770685088 -0.001215510799166229 0.025064302375651465 0.013472746442987864 0.9998940449192729 -0.005512171827640389 -0.01465030313000259 0.0012896841057242678 0.00549529068091623 0.9999840691207237 1.2147232799869008
0.9997579993319313 -0.012523588140603245 -0.018085975558412546 0.011549223505979282 0.012416552383063209 0.999904799617169 -0.006018382628817677 -0.01902238088731661 0.018159625511931392 0.005792360713280995 0.9998183217758285 1.4283609911607273
0.9993285640714804 -0.007807316945494857 -0.03579758138403517 -0.025849951745218223 0.007592775366307336 0.9999524145777096 -0.0061252218282297636 -0.022397789448757685 0.03584369948918245 0.00584930614011805 0.9993402898035327 1.6573588562117023
0.9984436506522485 -0.004401159522491128 -0.05559591951816621 -0.051067182263243235 0.00400637559397261 0.999965978873967 -0.007210412556001962 -0.028476136581704517 0.05562576225826331 0.00697645250004116 0.9984273151730689 1.8964378123194536
0.9971596414073413 -0.0038660344777079005 -0.0752177061987553 -0.08623265417398904 0.0032853693246169147 0.9999638540611814 -0.007841997163218026 -0.03180370026950912 0.07524530481555608 0.007572605134578225 0.9971362994870313 2.141920438012407
0.9953892757652245 -0.005208378729943076 -0.09577610601078822 -0.12665559882219052 0.004605783945795557 0.9999681917633363 -0.006511698381126152 -0.04191383780829636 0.09580697493308561 0.006040550684135377 0.9953816028547063 2.4003240585812975
0.9933218751027127 -0.005994993029188172 -0.11522027816757438 -0.16774859520084331 0.005280351132778511 0.9999648902950913 -0.006506617326918854 -0.036055618143466805 0.11525523994312703 0.005854761797409544 0.993318655533031 2.694394771159076
0.9910805562861916 -0.00476827361379531 -0.13317880656545586 -0.2146211101168508 0.0039721138904695655 0.9999726221811996 -0.006243172214153631 -0.036993583979819944 0.13320492957355687 0.005658485203519021 0.9910723627881598 2.9835537481559777
0.988854365101275 -0.003789756763596382 -0.14883777196608625 -0.2697656709498083 0.003016610148943748 0.9999807618279737 -0.005419966527005911 -0.04310088657980046 0.14885544895422936 0.004910572025473563 0.988846773569605 3.275491211253238
0.9868798494114157 -0.00282626139998777 -0.16143164210340546 -0.3363349267190667 0.001944046136248138 0.9999823031657151 -0.005622636393276601 -0.04788147952278892 0.1614446763145913 0.005235035996992669 0.9868678791448161 3.573094141851409
0.9848902525378518 -0.00435959570325043 -0.17312476536080112 -0.404059203191917 0.003355870557264849 0.9999758248547688 -0.006089978557159989 -0.056611011481886256 0.17314712988880612 0.005416976216303763 0.9848810729118218 3.869980246075202
0.983009840421588 -0.008400555325900779 -0.18336053093439147 -0.4587734386004704 0.007050616447855953 0.9999430394163344 -0.008012910240806923 -0.06536614226279353 0.1834173995073276 0.006583964841834586 0.9830130767008807 4.190490150721714
0.981660817993422 -0.007523800876513676 -0.19048735085789245 -0.5318539868652674 0.005794695655857183 0.9999368146896357 -0.009632659580820675 -0.07253509287161977 0.19054778906810543 0.008352188259048637 0.9816423895862194 4.51106022837695
0.9803142406436163 -0.006454969718726012 -0.1973380930212451 -0.61477664854377 0.00438879846379404 0.9999308990271559 -0.01090576080733334 -0.08066689143637468 0.19739485312280913 0.009824995504982316 0.9802748295370807 4.847491846904585
0.9785956369607078 -0.00713630279429159 -0.20566879321835826 -0.688508338322011 0.004314729066926349 0.9998903724747228 -0.01416425590838354 -0.0843405795586009 0.205747326676549 0.012973673912480247 0.9785191471558782 5.198159177546072
0.9768164007724618 -0.011611977856005038 -0.21376361044903266 -0.7641550868856201 0.008358432330578827 0.9998351621616959 -0.016117850789390074 -0.09253432531771268 0.21391553424403095 0.013957452323601223 0.9767524423996728 5.55848391362928
0.9749017692320285 -0.01831036837598645 -0.22188120866399771 -0.8444457149854102 0.014684001599803851 0.9997304689617599 -0.01798247831961856 -0.09979057707630344 0.2221506705938059 0.014273045905984294 0.9749078724245122 5.928692899079051
0.972706601129282 -0.018608563657778427 -0.23129113575343765 -0.9271434685085727 0.014197348445821843 0.999684465205882 -0.0207220974598869 -0.10986467125385992 0.23160376382224138 0.016872800141755004 0.9726638706144835 6.318638229576235
0.9705860145065571 -0.01468661882602562 -0.24030624559452718 -1.0315808262746708 0.008965541720569627 0.9996501549894736 -0.024883462202375924 -0.12235983226578595 0.24058762957794583 0.021997064735537572 0.9703781333259146 6.697225452646033
0.9684324502553683 -0.01155205758411375 -0.24900831162424683 -1.1416130798365547 0.004712518266008476 0.9995955317152841 -0.028045768779438436 -0.13733414660925988 0.24923158199549508 0.02598697636144991 0.968095189325726 7.0809626576244415
0.9661661019880781 -0.014057417333653406 -0.25753728348934507 -1.2458559583597129 0.006648205330944279 0.9995391896397791 -0.029617726788699686 -0.1549022445617932 0.257834956386913 0.026903482900175107 0.9658143392354452 7.495395109145506
0.9637829358569708 -0.017122495385357574 -0.26613769500523227 -1.3564930465621337 0.008957731874701481 0.9994521208315488 -0.03186247330291137 -0.17233804607915754 0.26653744875829466 0.02832451794993629 0.9634082779861944 7.920512536114597
0.9612927750307475 -0.017467122904527437 -0.274974726640695 -1.4792498676911943 0.008247075180487111 0.9993654411125535 -0.03465113073013513 -0.18612049982433496 0.27540549454332647 0.03104214437418491 0.9608268308326946 8.376144101261536
0.959133188772244 -0.016440041723356846 -0.2824769923794212 -1.6399322381066885 0.005848578904517311 0.9992492699513573 -0.03829739712402788 -0.20548941803438914 0.2828945392198071 0.03508021564660385 0.9585092895479952 8.829323982184922
0.9568599477099577 -0.018218702813215727 -0.28997779110873756 -1.793836724573828 0.005857453639668467 0.9990388972080853 -0.04343929214559742 -0.22753987485325594 0.2904905001981271 0.039866787343040846 0.9560470221498462 9.297154496625852
0.9553053286509325 -0.019184668903411042 -0.2949977585172513 -1.9475155771599466 0.0040905349678083975 0.9986543256450743 -0.05169918175424041 -0.25258278294355224 0.29559261928338676 0.04818180517007886 0.9540982743280386 9.750333072167981
0.9539279115340937 -0.020159512069122264 -0.2993578688949719 -2.0980733149410224 0.0021485119948641924 0.9981735676182817 -0.06037311325746633 -0.28113650173818383 0.3000282044948645 0.05694842387042813 0.9522289396601346 10.222654793824786
0.952692370589536 -0.020016418313630248 -0.30327642509497144 -2.2473987408881917 -0.001061209003398724 0.9976039038740554 -0.0691760421728126 -0.3136495517187534 0.3039344022251235 0.06622532727844771 0.9503883864878199 10.67825635909788
0.9513576453970087 -0.019273434289129435 -0.3074852277351942 -2.399103170998883 -0.005047342886499179 0.9969323602091851 -0.07810501582823781 -0.35270829425691314 0.3080473257057231 0.07585778732896103 0.9483419431972355 11.119335739425251
0.9502819659121903 -0.018670930484347925 -0.3108304708629987 -2.5595242076303966 -0.008373679094439878 0.9963075798406449 -0.08544640337954204 -0.3895989006191139 0.31127811802387956 0.08380097079941742 0.9466167812439147 11.544999038824084
0.9485989389908822 -0.01672306052603451 -0.3160385928838705 -2.7117921727793415 -0.013084220305392368 0.9956768719300108 -0.09195852262116784 -0.43627194621909354 0.31621014551145304 0.09136687556390742 0.9442792160824666 11.981665622312326
0.9468982273955978 -0.01589380506915837 -0.32114036481809666 -2.8684161591790507 -0.016590842363625857 0.995031866188952 -0.09816480641347763 -0.4788404987621189 0.3211051088113393 0.09828007035484804 0.9419302186819927 12.417425691766487
0.9453432610103761 -0.013733149380055671 -0.32578753731592364 -3.024249450991417 -0.021264934652175597 0.9943894009412113 -0.10362201431171343 -0.5274529582731757 0.32538273066729906 0.10488622361341579 0.9397472844757845 12.844798953926823
0.9435294304650185 -0.0112180507427073 -0.331098730266205 -3.184548864566226 -0.02553989208775811 0.9939890899202491 -0.10645845683486037 -0.5776784795057804 0.3303027819418191 0.10890291298697362 0.9375714520954919 13.284691160535438
0.9418634751377122 -0.00987233011640425 -0.3358507574795478 -3.3506368362599193 -0.028029409466250786 0.993775443220305 -0.10781799783551413 -0.6260945478475337 0.33482465023723507 0.11096353252469263 0.9357240768747791 13.697475453402124
0.9397109455734892 -0.009304484816371287 -0.3418431882189279 -3.5179049724664195 -0.029112500356583557 0.9938241637400641 -0.10707938125217666 -0.6759377757171091 0.3407283391389211 0.11057557654682655 0.9336365678244248 14.142589435048688
0.9373104058883598 -0.00854785932835226 -0.3483907821890547 -3.680128201190038 -0.030070428961538723 0.9939868983144362 -0.10528919831262196 -0.7308805638242265 0.34719587024541054 0.10916492147273514 0.931417225310111 14.580217800361543
0.9348182931519969 -0.007985921586273094 -0.35503659507831753 -3.853235156185133 -0.030892825368514717 0.9941284668570838 -0.10370257819906555 -0.7766503444656109 0.3537801466011596 0.1079111506786991 0.9290827688801807 15.015795735580534
0.9316918294125521 -0.007219290779396327 -0.3631779410241413 -4.034126989546384 -0.031247156626461704 0.9945037114677108 -0.09992989082205676 -0.8333364607654212 0.3619032332111082 0.10445214079945644 0.9263453999852099 15.4553419320478
0.9284043337421107 -0.0049762169672681175 -0.3715381950130596 -4.228400918332355 -0.03233984835703601 0.9950337292109317 -0.09413825970788212 -0.8867184145937141 0.370161488133371 0.09941385716930778 0.9236326963168913 15.934301261684912
0.9248148303806736 -0.0013352208015520082 -0.3804152293131506 -4.435071002116131 -0.035156867806312095 0.9954143196997217 -0.08896250211627624 -0.9372156498640783 0.37878955127354763 0.09564804923337518 0.9205269830503808 16.426925489709074
0.9212388860005634 0.0021935307410291187 -0.3889911353017303 -4.65041255725701 -0.03809168343352987 0.9956868869458618 -0.08459696695069753 -0.99025150215236 0.3871278065105126 0.09275134277705056 0.9173490338139649 16.91698838289501
0.9178832853161054 0.003504570662254978 -0.39683496887470227 -4.879948677323427 -0.0396630482559945 0.9957643375277169 -0.082947132024135 -1.0383005906115248 0.39486341580394047 0.09187547057000602 0.9141344434858507 17.406811873885573
0.9135965258291299 0.003182491418707404 -0.40660946833701944 -5.104940492740467 -0.0402044569966223 0.9957764442915311 -0.082540139518428 -1.0848491137127754 0.40462944731019124 0.09175589758966349 0.9098658503466135 17.911039998504837
0.9098399247176501 0.0033655231331456894 -0.41494576108670017 -5.3404818285402165 -0.04060788823502455 0.9958896000666915 -0.08096236095925262 -1.1351971180742817 0.41296768735928074 0.09051285948993634 0.9062367855390137 18.405424375535997
0.9058282844671292 0.003888493131592142 -0.42362719303711266 -5.579688962718379 -0.04130247936345436 0.9960048601204055 -0.07917337819597192 -1.1859494741048406 0.4216268780068099 0.08921433874493855 0.9023699781711134 18.912448339562587
0.9018241495189645 0.002203022847918479 -0.4320976163261349 -5.820367078283568 -0.039177495990452484 0.9962851957452995 -0.07668723848638676 -1.2364904361808482 0.43032351452403195 0.0860869062580456 0.8985603582501318 19.418249535920587
0.8977421861068502 0.0028163046315965606 -0.4405122424091242 -6.079845279948242 -0.03890568761245911 0.9965789144466796 -0.07291649163034743 -1.2800938627818657 0.43879985728745985 0.0825986422921038 0.8947805035515735 19.946586047981384
0.8941568421213961 0.0056640591891304595 -0.44771805873897186 -6.360263799390037 -0.040015590256959846 0.9969296992636345 -0.06730473432460615 -1.3248839750844625 0.4459622116546186 0.07809669109265038 0.8916381623823093 20.485368849611596
0.8902972755526815 0.0057487138086682234 -0.45534351146471536 -6.6461822775093475 -0.0382221355749688 0.9973352088431707 -0.06214136749249401 -1.377487289649281 0.4537728831646513 0.07272849160607295 0.8881445473644176 21.031649075459967
0.8866907653587925 0.004467665169458201 -0.4623413528934769 -6.940634109686188 -0.0364335862676522 0.9975191425615784 -0.06023415986706154 -1.423836780462237 0.4609252438510118 0.07025382687901702 0.8846537850423404 21.58202455705051
0.8833723508662177 0.004032889283210838 -0.46865448416623456 -7.241314787382568 -0.03590853538799791 0.9976060315400674 -0.059099770906212705 -1.466017993917963 0.4672941972798064 0.06903579969050411 0.881402400467411 22.130150728763795
0.8802344366481515 0.004173989202259975 -0.4745207206780845 -7.549664437270247 -0.035475473710805165 0.997741955170248 -0.057030532682456565 -1.508608317432998 0.47321118679053104 0.06703408615913486 0.8783949020737241 22.68977452474634
0.8772512275588482 0.002742451309368985 -0.48002371056783 -7.856810811912895 -0.033690423762558964 0.9978695458856877 -0.0558688172471002 -1.549061226828305 0.47884782456767105 0.06518319073738683 0.8754746784185724 23.24251252516151
0.8745085245874936 0.001446551377359681 -0.48500798747331564 -8.15998560703684 -0.03248214130656046 0.9979250908301613 -0.055591578388766265 -1.5910917351515665 0.48392122387837444 0.06436940718016987 0.8727409859169729 23.79542158806975
0.8726766347793407 0.0011086133526786212 -0.4882973091126322 -8.49518269063874 -0.03274947476807872 0.9978786809327033 -0.05626375425105084 -1.6314195979945258 0.4871990999710672 0.06509154412396484 0.8708617156994215 24.35094371695393
0.8712994850348117 0.0015299576399352703 -0.4907492909905118 -8.828572072123814 -0.03367076800760879 0.9978250380407669 -0.05666985830861786 -1.672814014618995 0.48959522746841344 0.06590032388813555 0.869455956648519 24.931326104040764
0.8706717721262843 0.0012479455780073962 -0.4918628953827559 -9.158765428831488 -0.03316362646647411 0.9978701236235838 -0.05617286052040357 -1.71119295435393 0.49074518754855395 0.06522008134989557 0.8688587352882216 25.51895117689232
0.8705852092896933 0.001982598566378672 -0.4920136813839057 -9.496921041750065 -0.03295956641471087 0.9979806408385125 -0.054298319433526435 -1.756785002308932 0.4909124772785602 0.06348787139663561 0.8688925306605827 26.09629652997909
0.8706535657782379 0.0013348382172426736 -0.491894893859015 -9.83170872171288 -0.03197319348529077 0.998035174047923 -0.053884193057737756 -1.800523266702932 0.4908564793256679 0.06264191544058444 0.8689855620975213 26.66469116057236
0.8699625236468473 -0.0008098557700080563 -0.49311717834976954 -10.174745545355702 -0.030143504506413402 0.9980412272371209 -0.054818590560984905 -1.8396856155923194 0.49219566900377965 0.06255439927497536 0.8682340528597509 27.26913323165884
0.8687048640466195 -0.0031271794192971555 -0.4953201792079766 -10.51069439935233 -0.02780586231980308 0.9980953587031663 -0.05506803933179922 -1.8848382093851215 0.4945489795787618 0.061610678328324286 0.8669633389674152 27.855071745998643
0.8672306406406387 -0.00370523527865835 -0.4978928470720939 -10.861052235197247 -0.026107720717235796 0.9982582947185435 -0.052903345306081005 -1.9281081900041892 0.49722168381213677 0.05887824944029595 0.8656234452057487 28.46204006957783
0.8649541035018836 -0.0033720241578614023 -0.5018396439982896 -11.215935263413547 -0.0242614185129941 0.9985272401881997 -0.04852560328190053 -1.9750279560363193 0.5012641842451829 0.05414776131304163 0.863598423769866 29.07272726656141
0.8625035370063818 -0.003859439809839398 -0.5060363162618214 -11.588240144458318 -0.02135035036239823 0.9988030192367021 -0.04400785501530056 -2.018280299024364 0.5056004461933186 0.04876098325505078 0.8613887364721678 29.668473811651335
0.8583131649963466 -0.003724744373156558 -0.5131126943209534 -11.932536814030307 -0.020700102280454394 0.9989082967972911 -0.041877444467282136 -2.063618734755102 0.5127085103248555 0.04656544715651773 0.8572990391757014 30.26076270039895
0.8534240790399327 -0.007001735396786122 -0.5211701420997518 -12.307463183912983 -0.018872014296048734 0.9988390182852359 -0.044322258825477294 -2.1030984467895903 0.5208754058229781 0.0476612132914856 0.8523011324387239 30.854862681769013
0.8473193638537168 -0.01104228211250425 -0.5309688914091673 -12.685349555154138 -0.01731155415731913 0.9986782560536257 -0.0483947412261269 -2.136972902867138 0.530801474876616 0.05019769806907152 0.8460082655490876 31.452847065570776
0.841581701776001 -0.011383170228196073 -0.5400098727536065 -13.060023796344721 -0.017111323760695355 0.9987141896310169 -0.04771970273182515 -2.1731888599213836 0.5398587239593037 0.04940031239995504 0.8403048061863145 32.009037324833436
0.8357061902475846 -0.007752210810765652 -0.5491220873443476 -13.462144526836173 -0.018320962744171627 0.9989502405717368 -0.041985225803749575 -2.2168558577582873 0.5488711195772605 0.045147758407375616 0.8346868718296664 32.612185895212946
0.8307151659062204 -0.002812365836972974 -0.5566905816805232 -13.886373206566573 -0.02141416230027683 0.9990857116351725 -0.03700235748455867 -2.262848662028567 0.5562856701249622 0.04265948200385052 0.8298954282370669 33.22576079036265
0.8269933620599393 -0.002861277641277353 -0.5622044042864278 -14.296607433556833 -0.022695868133587198 0.999001997372662 -0.038469556991092425 -2.3014928989901478 0.5617533948971394 0.04457378529682849 0.8261030813317733 33.813269038237394
0.8232801019175991 -0.005102033064458907 -0.5676124056476897 -14.706552999108698 -0.023079193401680936 0.9988318746881979 -0.0424527612621736 -2.345103622812925 0.5671659586209996 0.04805055010574468 0.8222006567840106 34.39781360921166
0.8200480982458017 -0.007764769049329564 -0.5722419286674607 -15.106300373054884 -0.02502315803153746 0.9984651922899138 -0.04940750294832924 -2.390565197974314 0.571747285193008 0.054835829045171536 0.8185951830589735 34.95991869389262
0.816774371488066 -0.008078294967511513 -0.5769006562924794 -15.499777677469826 -0.025793918289576275 0.9983909502086417 -0.050499349706227235 -2.432208058336845 0.5763803430544349 0.05612710300647369 0.8152517699757255 35.505792562248246
0.8131371397547 -0.006549863433085242 -0.5820353006824881 -15.88957310590209 -0.025025494722716975 0.9986186927179692 -0.046199904416927055 -2.476562478663622 0.5815339341478117 0.05213257948018782 0.8118500339294882 36.05745534242773
0.8098919721348836 -0.0041728496602946585 -0.5865642171128258 -16.305754779349158 -0.024015180739341477 0.9989003989569508 -0.04026492341600993 -2.523226529687727 0.5860872499598743 0.046696683922449814 0.808901202338777 36.618696387153975
0.806717982898835 -0.002407786543590833 -0.5909317207864171 -16.73164947314552 -0.024429751654409734 0.9990009260699703 -0.03742107621971194 -2.5615427230105507 0.5904314382735232 0.044624570309397406 0.8058531903659379 37.20044102861733
0.8036648574180327 -0.002052047401849578 -0.5950786385451203 -17.17165595356813 -0.02548609149193213 0.9989578371674595 -0.03786421400441162 -2.598610131042509 0.5945361688675637 0.045596366775959296 0.8027750091059834 37.77681341217219
0.8000536300909369 -0.003546453969767256 -0.5999180040993559 -17.619234682551273 -0.02516192206927259 0.9989042472776608 -0.03946115112898745 -2.6359265853788263 0.59940058946926 0.04666612727541775 0.7990877335493382 38.363027222157875
0.7960499668138615 -0.0064734231492935305 -0.6051962864462904 -18.058964478096843 -0.023689803936320558 0.998843241855485 -0.04184461003616598 -2.6773434614992007 0.6047670985801983 0.04764738179953364 0.7949757754061052 38.92838103603838
0.7920732702218508 -0.008136685053399475 -0.6103717956757218 -18.45075124085696 -0.022102429119625296 0.9988731997423016 -0.04199777926966152 -2.71091360101918 0.6100257512819255 0.04675601771872001 0.7910009213521874 39.40909709580646
0.7874832457833645 -0.008959177841888995 -0.6162709393950802 -18.878021207835758 -0.020957294418538414 0.9989269019391754 -0.04130177227252571 -2.747518782378009 0.6159796501680505 0.04543982520426813 0.7864504389116023 39.94924174973075
0.7822599961410536 -0.008688058918012323 -0.6228914962251736 -19.291991634533773 -0.021049706606966964 0.998963096594936 -0.04036881832816934 -2.7901888178670857 0.622596344583841 0.04469059491312951 0.7812659869962016 40.47810742825807
0.7771940090955797 -0.010169945905813651 -0.629178865209419 -19.750829240073095 -0.020354896444550723 0.9989398403269734 -0.04129011501857859 -2.8322572348751844 0.6289317533855904 0.04489730067374661 0.7761630511532597 41.02954876760229
0.7720762157444444 -0.011546021040442543 -0.6354250596882939 -20.214542899790338 -0.019554144698646674 0.9989300019151802 -0.04191046049420648 -2.872063969528437 0.6352290551500657 0.04478326330076745 0.771024323106145 41.57948939567388
0.7664455386740884 -0.013075067533583761 -0.642176205457333 -20.68430769777603 -0.01877321386246912 0.9989096455546613 -0.042744431907896015 -2.9116103111930633 0.6420348921109063 0.044816990381407004 0.7653643803348115 42.14208989284907
0.7609868725584671 -0.013805660556606663 -0.6486203693457978 -21.15280067316188 -0.01924681298120624 0.9988530899969316 -0.04384135939545795 -2.957632192115152 0.6484817190821593 0.04584657391966316 0.7598483741353116 42.674089581113414
0.75490761572486 -0.015576181931084726 -0.6556461502037948 -21.644498980505578 -0.01879236202766711 0.9987936696347649 -0.04536576492174756 -2.9962343432909684 0.6555618497518225 0.04656810124928931 0.7537042344952065 43.235954362445746
0.7486583323324363 -0.016935060962651547 -0.6627396963660821 -22.137950541084123 -0.017842003790152765 0.9987968935677991 -0.045677437538257024 -3.0336344570644345 0.6627159001638411 0.04602139838706129 0.7474554612554044 43.79730156134174
0.7426492740928226 -0.01617595771356428 -0.6694851709197543 -22.648042323257794 -0.017764204434705947 0.998880604489916 -0.04384028985597946 -3.0813537798949215 0.6694449109002236 0.04445083087978709 0.7415306028100851 44.34727561334963
0.7358350816371202 -0.016927882862035257 -0.6769491704802522 -23.143575306462026 -0.016932184731236363 0.9989149730901448 -0.04338407146104441 -3.1202332261620898 0.6769490628934516 0.04338575017351967 0.7347500547325997 44.88906497046548
0.729700242133915 -0.0189257962679268 -0.6835052090988997 -23.664991385971817 -0.015806188439934254 0.9988828709615645 -0.04453284750134692 -3.1593475856459987 0.6835844651809381 0.04329924173934199 0.7285859281018873 45.42480388719612
0.723114100562004 -0.020794452647957515 -0.6904155185882452 -24.166246719156508 -0.015542830072583507 0.9988037924492367 -0.04636167191065521 -3.200081171247317 0.6905537039229755 0.04425578976911837 0.7219259013708889 45.94622177281041
0.716966199095149 -0.019909198354145435 -0.696823573923809 -24.688945575703354 -0.017032480884858318 0.9987933785551044 -0.04606171457274828 -3.245520608034858 0.6968998234681681 0.04489332662400722 0.7157619892636558 46.4846873745942
0.7117555728565549 -0.01970545878848154 -0.7021507668596343 -25.235367407815232 -0.016458845765353735 0.9988641237323772 -0.04471653739296896 -3.2896030518809676 0.7022343703520295 0.04338383586406403 0.7106227774860638 47.03349077571952
0.7069275460704513 -0.019616124328415706 -0.7070138982178084 -25.829250132677796 -0.01711730958200927 0.9988480474984287 -0.044828291527164645 -3.3267077722533562 0.7070788091291416 0.04379252989840902 0.7057774238423974 47.59519708564834
0.7023357662269574 -0.02088859750180343 -0.7115392736685726 -26.385149941521735 -0.017294468198162334 0.9987736046034452 -0.046391681551521735 -3.3662558285686908 0.7116357023422425 0.044888230549252096 0.701113167691222 48.13289560869547
0.6972826393104533 -0.022266456022174013 -0.716450365239952 -26.940654544373082 -0.01832966214805356 0.998636662547875 -0.048875757802554244 -3.4129213435612695 0.7165618915360963 0.04721251053956396 0.695923871157444 48.664432470667684
0.692889995037001 -0.024118163044633115 -0.7206398330573859 -27.497125929704833 -0.0188423741054165 0.9984934662376308 -0.05153409375186869 -3.4613236758071277 0.7207970724938455 0.049286023293703414 0.6913916894150478 49.18241042063826
0.6873895182856514 -0.025025694876244318 -0.7258576752690435 -28.044348157477295 -0.018534176649858503 0.9984762872531842 -0.05197680337422957 -3.511070430419235 0.7260524322987508 0.04918148420953514 0.6858783034649907 49.704923655364034
0.6827919152134729 -0.02409347797933203 -0.7302155194447566 -28.616547446673067 -0.018074830828300012 0.9985931707592521 -0.04984957174848283 -3.5628352256610585 0.7303892804591571 0.047235406548884196 0.6813958580432631 50.22800661785973
0.6768443702020447 -0.024842076107722436 -0.7357068504373565 -29.185852030996937 -0.016613838599859782 0.9986603168542417 -0.049005631386178146 -3.608708887327996 0.7359386379942118 0.04539210058191186 0.675524890964045 50.76642085985566
0.6720498019359039 -0.026339557828714815 -0.7400373581186963 -29.779508918160232 -0.015694222953660464 0.9986360925829529 -0.049796043583071055 -3.6558018920224717 0.7403396214466664 0.04507973251955037 0.6707198093333544 51.29218719604274
0.666956190906057 -0.027233948177519878 -0.7445990541752971 -30.355444157436388 -0.014482096112684459 0.9986691920276624 -0.04949862409191919 -3.7071539603122696 0.7449561787811863 0.04379676884742064 0.6656741956349651 51.80875979195125
0.6624975619963671 -0.027571800508685147 -0.7485564615749294 -30.9454659486346 -0.014164569337200957 0.9986825397058752 -0.04932088667196599 -3.7534022434648073 0.7489301338071275 0.04327794707846758 0.6612342050834261 52.33093913778373
0.6590072308786796 -0.02837121321257995 -0.7516013197902596 -31.562210590024787 -0.012836140634409446 0.9987185437238207 -0.048954100091613016 -3.8062760551245534 0.7520270627731608 0.04190876618337044 0.6577985650438576 52.84934802660654
0.6541787110380566 -0.03145580740230559 -0.7556856133374876 -32.15302319262683 -0.009663882009670091 0.9987055935395622 -0.049937429021618636 -3.8552344984627163 0.7562782711469961 0.03997085955361895 0.6530279526769536 53.37325430178627
0.6496815729542254 -0.036102738734537045 -0.7593486985697598 -32.752709592964266 -0.0061157872209865365 0.9985911396759534 -0.05270989382785586 -3.9082847095405837 0.7601818538418227 0.038888661799321406 0.6485454656946309 53.885854322778776
0.6445530521030746 -0.03996717320387202 -0.7635142356830693 -33.36193672368146 -0.0016276443165381398 0.9985587471182384 -0.05364493757688732 -3.9634831074624883 0.7645578551022736 0.035819737851371214 0.6435590358169696 54.404835116821765
0.6373933171753015 -0.04394658153675823 -0.7692843799216889 -33.980574466726594 0.004268551585687407 0.9985583246159024 -0.053507493004603175 -4.017347585646333 0.7705267929719414 0.030821588400182818 0.636661991170246 54.92937412382375
0.628689191488918 -0.04779970637867205 -0.7761862460615506 -34.61062983938492 0.009645557030206751 0.9985116837755701 -0.05367849283696894 -4.073137304945151 0.7775968516748166 0.02626033955957275 0.6282145579590042 55.44558279125173
0.619090967058814 -0.04939479203454844 -0.783764332580939 -35.25202662126448 0.01293185316962077 0.9985258717043014 -0.052714805422769524 -4.123718354066307 0.7852128002521233 0.022499734598980897 0.618817113744596 55.96529183750165
0.6104954679926724 -0.0474858985450306 -0.7905949487568065 -35.905859768776715 0.013772758054719718 0.9986866152734473 -0.04934932227728442 -4.185849384933555 0.7918999903371468 0.01923886465028459 0.6103476643610528 56.455294913889105
0.6014870096282912 -0.047551324821837236 -0.7974661427020602 -36.57761314666565 0.013047006538270912 0.9986785448847998 -0.049708546620925935 -4.230030817810814 0.7987760342353827 0.01949449908210937 0.6013125739885453 56.96139748722573
0.5914334430503939 -0.049382278949216825 -0.804840277923102 -37.25390763674887 0.012874137050491407 0.9985740448957133 -0.05180862337309774 -4.2801311860255895 0.8062510397120486 0.020279728459518972 0.5912258397404881 57.46177491886085
0.5809370841005957 -0.052133943563453744 -0.8122771425106199 -37.9332978482375 0.013331266918713761 0.9984222211972088 -0.05454672805925221 -4.328237397720234 0.8138392848953883 0.020859533747195083 0.5807155054007161 57.95781656547703
0.5708945519387815 -0.05424733565126332 -0.8192292946064337 -38.63419198040092 0.013975354252435913 0.9983123128167396 -0.05636679476436044 -4.3790922757768564 0.8209044402609442 0.020730476435130825 0.5706891862534584 58.447809888598286
0.5608261342549719 -0.05469415256860723 -0.8261250491368872 -39.334623503568906 0.016659713426598076 0.9983590539264523 -0.05478734700292761 -4.438689896954467 0.8277659699970552 0.016963169452586975 0.5608170377199267 58.911123637497845
0.5501754924752107 -0.05450468046571192 -0.8332683645062903 -40.07952054750212 0.01743671380844735 0.9983998434864645 -0.05379324806852249 -4.497459919787018 0.8348669885024914 0.015066264750415557 0.5502455080918404 59.41487499960065
0.5398359240230622 -0.054776241682516054 -0.8399861537438 -40.820391486734245 0.01752907344681898 0.99839566219942 -0.053840814309158186 -4.557282975784963 0.8415877296623685 0.014341026759457132 0.5399300216076347 59.88574879447747
0.5303442253111444 -0.05499422399295104 -0.8459968309671928 -41.55418515371469 0.016113646795345028 0.9983674497161811 -0.05479768000709044 -4.620611589742039 0.8476292544892925 0.01542953902802655 0.5303645691967976 60.3275356000768
0.520709332828174 -0.0551950527248574 -0.8519479425765026 -42.26621004661528 0.014212275836629285 0.9983300496226195 -0.05599217120310119 -4.676734538510027 0.853615722630024 0.017047526952426468 0.5206242213954552 60.75500696786038
0.5108374228112734 -0.05596961085273894 -0.8578534432620335 -42.98178848774906 0.01337524411456365 0.9982750585199557 -0.05716651451549509 -4.736243271570399 0.8595732838451929 0.0177287957280551 0.5107048653592602 61.17536984483372
0.5008059021155404 -0.05564116326178767 -0.8637693612053579 -43.68771288603771 0.012290480131011734 0.9982882016117401 -0.057180509100059805 -4.793882818170884 0.8654723522472484 0.018020196271615788 0.5006324799910037 61.585717616065445
0.4922961170237149 -0.05351346224588513 -0.8687812397386517 -44.40378863845661 0.011406247532760145 0.9984192582927496 -0.055035281296374854 -4.8502851443740855 0.8703530494463679 0.017184121409242036 0.49212831181593 61.98408269299421
0.48369313696773913 -0.05192235438886999 -0.8736961819563034 -45.14133246447829 0.0123029323174657 0.998543520163896 -0.05253071668158401 -4.906625269095682 0.875151179572248 0.014659722146248472 0.4836274448786938 62.394942139617335
0.47658172560557854 -0.05252018547893669 -0.8775599631569712 -45.90564749184643 0.012629611293647734 0.9985199167648589 -0.05290055521886896 -4.958001695396033 0.8790394483397078 0.014128196670167594 0.4765396545110046 62.79651733537922
0.4684859962374686 -0.055389149013352755 -0.8817329037191254 -46.66322014192922 0.01443162552790325 0.9983793637591103 -0.05504883472491022 -5.0167631676113755 0.8833530435301655 0.01306476909571235 0.4685261063104869 63.20749514323381
0.461088726143924 -0.05948177941441078 -0.885358178671585 -47.4253290233008 0.01836403708262124 0.9981767379224797 -0.05749749570597666 -5.07597642571229 0.8871639920358577 0.0102526966270134 0.4613403661580804 63.60781291302208
0.45483488158051166 -0.06284664549201999 -0.8883555198500426 -48.1951805270549 0.019625689899683614 0.9979720164290808 -0.060553172670218834 -5.132194573965559 0.8903595132268769 0.010107105167539935 0.4551458926888473 64.00881281922075
0.4497217121112809 -0.06634019780763183 -0.8907016109845876 -48.92240235282741 0.021673824403754836 0.997754702632846 -0.06337032988512693 -5.195241395949216 0.8929057212222417 0.009194102940380398 0.45014979893331847 64.37108170749052
0.4440990060371442 -0.06747961093508043 -0.8934330276774347 -49.66277105816827 0.024822708929724407 0.9977037477335194 -0.06301638580460185 -5.258506140148304 0.8956338012593139 0.005808086305643292 0.44475426942892216 64.75231837446573
0.4396561484863806 -0.06447697821095744 -0.8958488658132588 -50.36944404301514 0.026601556552513905 0.9979171771641075 -0.05876788842383697 -5.322318011418795 0.8977721471994455 0.002006689212670186 0.44045561060258664 65.10535667568189
0.4355173508975011 -0.06276741566341545 -0.8979893588446112 -51.137291475775754 0.029786783790452565 0.9980246414456518 -0.05531331285226955 -5.380831896144246 0.8996873815824259 -0.0026583073952409822 0.4365266874122902 65.47838263945175
0.4313680372121455 -0.06208933972516376 -0.900036960554527 -51.881767906024166 0.03158793559357254 0.998056731155794 -0.05371185827674883 -5.442281186798814 0.9016228805862656 -0.005260730661967693 0.4324910472093307 65.838052877308
0.42852482361325883 -0.06205566673746938 -0.9013964553807557 -52.63459912209673 0.03355442128493206 0.998043463780794 -0.05275741859361709 -5.500551184069948 0.9029067373541174 -0.007637972911464136 0.4297686412598569 66.1928399574471
0.4270564096182562 -0.06112520605136233 -0.9021566007014192 -53.3905791572085 0.03442820728754874 0.9980882588840646 -0.05132763408472893 -5.556157647626297 0.9035693230444071 -0.009139839328349489 0.42834441958559566 66.53587170098976
0.424459999146337 -0.06024084386751819 -0.903440507092093 -54.1611547406317 0.03596472324176763 0.9981186030414175 -0.04965675125082305 -5.61569566339192 0.904732141468862 -0.011414683209429902 0.42582796667244893 66.89514927997651
0.42210477528926055 -0.062035020353725774 -0.9044220336367934 -54.934474810115695 0.03959372229185848 0.9979654802192659 -0.049972366822061534 -5.6660978296765 0.9056820059121615 -0.01471586016634894 0.4237021921426475 67.25194312650422
0.41938653294539835 -0.061466759251787066 -0.9057244467778921 -55.64451805003814 0.04142475723599335 0.9979616040354365 -0.048545096137007575 -5.729056893173707 0.9068621314576852 -0.017160255770072554 0.42107790270913864 67.5940993159382
0.4170167061655287 -0.05977961554920881 -0.9069307935799948 -56.36183003521921 0.044578037822063814 0.9979790586170423 -0.04528351914074856 -5.789465937457812 0.907804970972723 -0.021545211222539617 0.4188387978095951 67.92708838319125
0.4146579567132447 -0.05889595412371134 -0.9080694056746168 -57.09820224961717 0.046448219531673156 0.9979723633368521 -0.04351694978039117 -5.844657827662792 0.9087911431328617 -0.02413355762643684 0.41655279324421224 68.2677952347059
0.4129128378256942 -0.06015669504604904 -0.9087816901763953 -57.83739235789085 0.04943708115039107 0.9978256326164486 -0.04358878182407861 -5.8994048737953335 0.9094278219661309 -0.026929146564890837 0.4149889850336071 68.61058980699896
0.4105682597600992 -0.06153024740829661 -0.909751467562122 -58.58136684034893 0.05148462720314386 0.9976932735727952 -0.044243248404094 -5.950345120802253 0.9103752178301627 -0.02867334165154223 0.4127890529546723 68.95357723725127
0.4107642134859305 -0.06243087261064306 -0.9096016419644128 -59.29993766004549 0.05128093254353463 0.9976555835838534 -0.04531669120114431 -6.00725779575973 0.9102983175183561 -0.028030745424038515 0.4130027244876488 69.27020567853394
0.41206297080643794 -0.06250324209462473 -0.9090090499097522 -60.03462490810426 0.04911796437290944 0.9977175423445334 -0.046337147882009724 -6.064895846004832 0.9098304972169452 -0.025554851313157247 0.4141924865425814 69.59473167112361
0.41428910319139234 -0.062236648987781196 -0.9080149439847567 -60.748933831975 0.04756050893500166 0.9977765875778944 -0.04668917723893804 -6.118096217545182 0.908901830214196 -0.023842835489433598 0.41632797435328145 69.91938388747876
0.41811083851109027 -0.06243791671921422 -0.9062476666316526 -61.452728333030464 0.045453317976816565 0.9978233244642231 -0.04777665789962475 -6.171320833724603 0.9072581344934035 -0.02121602486148248 0.4200387573601084 70.24186919661446
0.42402645723030896 -0.06261420206549324 -0.9034827199611578 -62.15387914219258 0.043973591950015885 0.9978539311642641 -0.04851654636338704 -6.223098134730006 0.9045816086897445 -0.019157081189941014 0.42586983863682326 70.5547290274522
0.42945959877346646 -0.06259258255885891 -0.9009143253550491 -62.85629270784139 0.042839505118954985 0.9978841325247967 -0.04890843338719679 -6.272690864842859 0.9020694151907025 -0.01759052767367807 0.43123235443744673 70.88711545616668
0.4365443864398276 -0.06089052939467104 -0.8976198204685036 -63.551941685127616 0.042287584340379714 0.9979930851552484 -0.04713345089166398 -6.330279138701989 0.8986883547028578 -0.01738233046335899 0.4382431924275963 71.22419486624959
0.44402590840457334 -0.059089756451052036 -0.8940634168491888 -64.2583029878929 0.04045126211262354 0.9981277060183711 -0.04587785818880972 -6.384835663100902 0.8951003787615047 -0.01579503596232532 0.44558481659495297 71.57682119082462
0.45266786218248717 -0.058322619183228425 -0.889769789686491 -64.94561905146756 0.039919098981522384 0.998183666919015 -0.04512020204526296 -6.4364522946342655 0.8907851997443829 -0.015094342904185487 0.4541738529777435 71.92630241758103
0.46128381737733354 -0.059079935517455884 -0.8852834580206755 -65.64196449687842 0.03953638483190081 0.9981581907767614 -0.04601195996345802 -6.476413984523548 0.8863713184101901 -0.013776334944657912 0.4627700276544195 72.29208817453103
0.4692750171865699 -0.05915248954442101 -0.881068635933228 -66.30781591139483 0.03834365501358507 0.9981778023170075 -0.04659226418388922 -6.529001735658526 0.8822192031262661 -0.011918806243851464 0.4706880279898524 72.65744023690644
0.48032528811586717 -0.06000088527718896 -0.8750357200493935 -66.96388153348481 0.03579589914860711 0.998167178375222 -0.04879485237793681 -6.578344878345513 0.8763596699988832 -0.007885288859306783 0.48159272317909024 73.00795974028226
0.49263735115138335 -0.06056527189308943 -0.8681245809738731 -67.63254972114856 0.03410451141798917 0.998152526300017 -0.050283362475349674 -6.63206803411055 0.8695661691622372 -0.004835502187213052 0.49379276560831376 73.36793150055749
0.5049052701806088 -0.059434906237255496 -0.8611260999786344 -68.29712758334182 0.032303624003080435 0.9982288132795583 -0.04995710374657376 -6.678472854621102 0.8625700806427924 -0.002593888788338171 0.5059309515347309 73.75465896260884
0.5180015485816599 -0.05623128080104804 -0.8535294012079923 -68.95746034551033 0.02983121294430897 0.9984174748003272 -0.04767226392361784 -6.728306105016659 0.8548593418810326 -0.0007675107848305131 0.5188592453892676 74.1439995731828
0.5320804221262083 -0.053646782176157135 -0.8449925722467257 -69.60815153600679 0.029116570790388988 0.9985597779405361 -0.045062125834779185 -6.78113480387294 0.8461930333531488 -0.0006266111110951001 0.5328761184957624 74.5307128262621
0.5443846363952216 -0.053724726820120104 -0.8371135056758696 -70.25549242377008 0.030068463633595683 0.9985553525805893 -0.04453195849460106 -6.827707132972518 0.8382966391150307 -0.0009282029695514645 0.5452136125297025 74.95099206037409
