1.0 0.0 0.0 0.0 0.0 1.0 0.0 0.0 0.0 0.0 1.0 0.0
0.9990826329126477 -0.0006552803651388267 0.042818958651218375 0.015136268223019693 0.0007649636249078417 0.9999964683276535 -0.0025452235408103922 -0.01637578869808089 -0.0428171395936748 0.002575643582328771 0.9990796057457847 0.6348111901817195
0.9961772886481685 -0.005400567305817371 0.0871874042184928 0.05774416822776396 0.006110396076451535 0.999950310013805 -0.007876583211288828 -0.027092198032670538 -0.08714053385980815 0.008379222879886107 0.9961607882177238 1.291018850878439
0.9912141130331097 -0.005046467401556645 0.13217078077529268 0.1301286106027154 0.0066748811339961325 0.9999071470940512 -0.011880368347913096 -0.04691416824354935 -0.13209855444262975 0.0126582130255459 0.9911557604923493 1.909330491436556
0.9840605119810981 -0.002373818612136294 0.177818091724932 0.22773646550213666 0.005016812501330682 0.99988350826111 -0.014415321702248768 -0.06548497239117163 -0.17776315802726456 0.015077628880215433 0.9839577860637743 2.5457669498322475
0.9746102822801395 -0.004736207593071982 0.22385791478404687 0.3621699309605182 0.008168082363786185 0.9998628498234486 -0.014407080669918377 -0.08883463303350846 -0.22375897770664907 0.015869778844283446 0.9745153000415689 3.17658956375194
0.9632292279146292 -0.005832178068368817 0.26861764683275247 0.5243436319869422 0.010500704188369327 0.9998177079949738 -0.015946347269044408 -0.10469947022900863 -0.268475678046513 0.01818066221718682 0.9631148809040435 3.824876826481411
0.9499965706840152 -0.008325933027938104 0.31214931447597805 0.7167249698685969 0.014866232629765599 0.9997168754728551 -0.0185785904252824 -0.12707788961574745 -0.3119062532492838 0.022290081516382818 0.9498513786114052 4.451710795386129
0.9352312028105968 -0.01086132840644167 0.3538709211487843 0.93894171864587 0.019353022194757524 0.9996032108677648 -0.020466591186254133 -0.14791951771491524 -0.3535082146448237 0.02598946648362492 0.93507031276291 5.0511175215622295
0.9183999420242969 -0.010888079600427184 0.39550347180825085 1.1829257329197496 0.02084584294541582 0.9995644653678212 -0.020888523304392222 -0.17729973177507743 -0.39510378044465727 0.027428621849408485 0.9182269182406834 5.6218653656695805
0.8992846901853409 -0.011396816042052569 0.43721523141624014 1.4480930539133148 0.0221861025515537 0.9995621436741575 -0.019577992417403836 -0.20139213025074848 -0.4368006671833557 0.027306290806837972 0.8991437836244813 6.19725417559585
0.8779791778787349 -0.011249069243030096 0.47856663240612923 1.7463735624132504 0.022940028735311806 0.9995639826309588 -0.01859031222331315 -0.22627892236928104 -0.47814884533270674 0.027300239341491447 0.8778544176792054 6.770377518510798
0.8545168744020313 -0.011666132367798045 0.5192926079945267 2.055564339303147 0.02399894669616071 0.9995668267784704 -0.01703553232204001 -0.2556821693232091 -0.51886892556758 0.027019625452575316 0.8544266954635418 7.3096510767903204
0.8298927995642776 -0.012329825508723313 0.557786622853477 2.413117267868472 0.02612995634398008 0.9995176662970704 -0.016782733434122385 -0.2810856026897026 -0.5573106553914292 0.02850280973840223 0.8298146920995026 7.8439363850072015
0.8034958794607691 -0.014690582393417254 0.5951290267484055 2.7979117968718525 0.030387615994734222 0.9994043441797977 -0.0163569443572249 -0.3020395768186022 -0.5945342416410672 0.031227289723749656 0.8034636842401718 8.371269469157399
0.775438126773859 -0.013995354048457314 0.6312684386301162 3.1899302047960596 0.03154928567070753 0.999364365440443 -0.016598423463927623 -0.3276813001022688 -0.6306348817811421 0.03278711870350922 0.7753867749246227 8.85906908644965
0.7459413860501309 -0.017357746939054872 0.665785368717883 3.6093284540840083 0.0365429314042663 0.9992211228057815 -0.014891672274661682 -0.35252395310726725 -0.6650083177991023 0.035438063716186186 0.7459946922720406 9.333322205555985
0.7148366014839755 -0.016190639061895922 0.6991040669210882 4.042571723077579 0.03675452591331338 0.9992199829804544 -0.014440583001637973 -0.3749996322592659 -0.6983249515832345 0.03601789582009112 0.7148740960315789 9.784175196513427
0.6812122812558666 -0.015335018804478103 0.7319253138568454 4.488368843205446 0.03817347647275568 0.9991645451382419 -0.014594431563955361 -0.4008788777273039 -0.7310900174124664 0.03788203976764315 0.6812285501231453 10.210293769104778
0.6465028690471945 -0.01666089836409754 0.7627296079079692 4.947407387971071 0.042875370052077755 0.9989749031611664 -0.014520519861099633 -0.4245105906843926 -0.7617058112924184 0.04208987193898788 0.6465544831825997 10.610185352258128
0.6103140070030281 -0.01465293875862365 0.7920240553427912 5.407788630656241 0.04262868339915223 0.998987684154899 -0.01436670659849427 -0.4506282435427693 -0.7910117623699162 0.04253114497128426 0.610320811950462 10.979617026882808
0.5735172923086037 -0.013595444940990777 0.8190806305241637 5.894906998470424 0.04567866240731589 0.998837398443153 -0.015404910645379685 -0.4728243592131367 -0.817918929493434 0.04624949024767777 0.5734715419514255 11.324908659184036
0.5362415259796351 -0.012383375910099729 0.8439737423735996 6.345877002557717 0.05057005199977389 0.9985675448668805 -0.017479364384047087 -0.5004102800674487 -0.8425483343142824 0.05205295706873112 0.536099612016862 11.601163905561188
0.4991306057520682 -0.012024345962767647 0.8664433354269275 6.843132875162775 0.05300816004031933 0.9984547632784966 -0.01667994771033951 -0.5212007010015345 -0.8649039099060158 0.05425403939475269 0.49899671926641015 11.881280069549117
0.4616304786908035 -0.014179056025391535 0.8869589931411296 7.353777427273123 0.058726805142504966 0.998167199538022 -0.01460835802461581 -0.5424383840261776 -0.885126241561877 0.058831931267381024 0.46161709279650526 12.150987612398648
0.4256603348229921 -0.014895927076143648 0.9047604051432171 7.8564305864018875 0.06299849947487561 0.9979262061665626 -0.01320894052995192 -0.5629310430127378 -0.9026873591794077 0.06262106995693914 0.4257160240995829 12.379712288823349
0.39072800217467524 -0.012602217045972888 0.9204199109331082 8.384789084130391 0.06449923465475597 0.9978234557475617 -0.013718596464035697 -0.581326541284121 -0.9182436915359332 0.06472661960521696 0.390690398741695 12.614543314451728
0.3580551171815865 -0.013343170467281748 0.9336051054176807 8.94148246003386 0.06504855828704141 0.9978248780217487 -0.010686340143306808 -0.5966132623788848 -0.9314318107756777 0.06455596488909501 0.3581442576286557 12.830920487720181
0.3256339357026221 -0.0149822710569166 0.9453772112087295 9.533624251649812 0.06769217387246225 0.9976780238758233 -0.007505349535607878 -0.6080251630806927 -0.9430696207148449 0.06643863506430829 0.32589200397608925 13.0309014286344
0.29328172516088236 -0.014640047336308491 0.9559139598837568 10.117696813527926 0.06797360337085137 0.9976715420710381 -0.0055752476516248975 -0.6201299876864342 -0.9536065325549319 0.06661203461526659 0.29359396777348173 13.22681100902617
0.2614645748838688 -0.011114079313874462 0.9651490834693882 10.702294606803335 0.06574869323317774 0.9978161897630722 -0.006321454328855545 -0.6279383559936803 -0.9629711238759597 0.06511012738205459 0.2616243220600216 13.40231402167958
0.2311610815455961 -0.00961644948569066 0.9728679654906709 11.297090199239557 0.06536882233826445 0.9978450689814179 -0.0056688072444537226 -0.6407312990047982 -0.9707169883363433 0.06490564080845115 0.23129156133864057 13.555870657113188
0.20084161128906494 -0.00948028996587461 0.9795778536068345 11.884055962632806 0.06768847920132624 0.9976975698329708 -0.004222432094607438 -0.6518436993912594 -0.9772824141251218 0.067154175235387 0.20102089391461714 13.677625359268802
0.17074644902129707 -0.009700597574732241 0.9852672472752295 12.497633108758466 0.06934620474208476 0.9975902378164507 -0.002195746156445675 -0.6611881980596458 -0.9828716874722198 0.06869946011438484 0.17100769031100937 13.795539751699673
0.14069700640701494 -0.010057212401585141 0.9900016186182782 13.116412269238882 0.06764509853122085 0.9977093104876426 0.0005219300448050637 -0.6701543900752311 -0.9877390814546159 0.06689532304264498 0.14105503437387398 13.896057265940735
0.11115957096318146 -0.010547999840646137 0.9937465921866803 13.75257793282548 0.06805098558964628 0.9976774013885445 0.002977602874173765 -0.6805595813137615 -0.9914699254861752 0.06729444596666535 0.11161919368316875 13.97731724391602
0.08454406333184514 -0.010382463525597026 0.9963656486483653 14.398069860300064 0.07106819301881964 0.9974619146301349 0.004363576906986082 -0.686187847704177 -0.9938820922505763 0.07044099171308725 0.08506734620344245 14.038747719925105
0.06046743358404115 -0.009885904128202812 0.9981212142697522 15.002473341238737 0.07546766962416201 0.9971341415707263 0.005304201684218857 -0.6894253616555837 -0.9953131770037309 0.07500515058032162 0.06104020862649188 14.058675445538897
0.037741430843637964 -0.00936377427957482 0.9992436660440301 15.657354412218503 0.07977000812831234 0.9967932100015956 0.006327898381111746 -0.6939312662691364 -0.9960985544618999 0.07947085142336179 0.038367350351077134 14.089341529777847
0.017652953211386074 -0.009560690044446155 0.9997984629157958 16.30760515390739 0.08565211678715465 0.9962928671193803 0.008014849775374784 -0.6977711884115118 -0.9961687046543868 0.08549336894120164 0.01840640470834937 14.100300786122649
-0.0002948574012875881 -0.010710929227636628 0.9999425928793066 16.969979603047072 0.08975347240147062 0.9959065965538921 0.01069416346978647 -0.7068416133492611 -0.9959639688517821 0.08975147316629871 0.000667692659842079 14.109877942030336
-0.016190844451684713 -0.010317894059141847 0.9998156818224663 17.65918293885323 0.09301767202870317 0.9955947614562132 0.011780647321060161 -0.705443986400849 -0.9955328067152304 0.0931912658092335 -0.015159773434029269 14.110015107493366
-0.029960835600298677 -0.010703487824000758 0.9994937637016705 18.35301921351509 0.09540246719970558 0.9953469794617865 0.013518865651462863 -0.7019921773397451 -0.9949877977052505 0.09575920751914661 -0.028800288070856578 14.09529781029482
-0.04255433213711053 -0.011269156523206252 0.9990305975932956 19.086189744313664 0.0952095680791724 0.995339925324182 0.01528303640722091 -0.6907344509546665 -0.9945472673345123 0.09576763110207348 -0.04128309424638086 14.063616752313564
-0.0543736945085712 -0.01093907305020287 0.9984607343437638 19.782908847022306 0.09503939019280347 0.9953436244912262 0.016080531597008303 -0.6939305847646362 -0.9939874323437264 0.09576745723608263 -0.053080867337174105 14.035301709789747
-0.06534430946620412 -0.008467113670346622 0.9978268533199914 20.476700093061712 0.09478856694826773 0.9953895686025868 0.014653814965502148 -0.6963486867846327 -0.9933505165832877 0.0955401209086691 -0.06424045843919868 14.000783714074949
-0.0761560627881346 -0.005378275255356995 0.9970814050296419 21.163225422593722 0.09519656200002928 0.9953782408373467 0.012640104861778837 -0.7003461067766222 -0.9925411168732456 0.09588134241248426 -0.07529209449335228 13.953383010431812
-0.08482528936602204 -0.00296468992190844 0.9963914295585021 21.863932370999432 0.0962749283875461 0.9952922421925298 0.011157544323593708 -0.6986730422843237 -0.9917337386859181 0.09687395545257381 -0.08414052713781546 13.893672999102943
-0.09178812979177202 -0.002357728441234179 0.9957757681054125 22.573932446514412 0.09578404001129989 0.9953392863263917 0.011185829176963029 -0.7027953515064762 -0.9911611155147522 0.09640615235481641 -0.09113449884482593 13.834538298753642
-0.09725837207591148 -0.0019378118298714769 0.9952572802780465 23.364564318410597 0.09554697453120137 0.9953610647051225 0.011275040000436406 -0.7037550711219971 -0.9906621950589829 0.09619041404625357 -0.096622044723412 13.751213733590404
-0.10262327894864158 -0.0007284163344285348 0.9947200269560632 24.10262508874644 0.09656999023432587 0.9952687694495924 0.010691751232999463 -0.7075879099907719 -0.990021565221676 0.0971573258582704 -0.10206740139779526 13.691413168212536
-0.10626141591231779 0.0006818142166232596 0.9943379941537394 24.822756563654398 0.09621434733797933 0.995314345784548 0.009599606335439513 -0.7099237237956978 -0.9896723249917836 0.09668964890226323 -0.10582911197076732 13.622702018818321
-0.11042123803226299 0.0015165106966165734 0.9938837207574777 25.545882113376877 0.09674207273890019 0.9952666917698917 0.009229497038736554 -0.7128464152566261 -0.9891653661312702 0.09716950369696194 -0.11004529066562843 13.556436688012882
-0.11376078963758095 0.0005794604463002591 0.993508000454261 26.28537714147579 0.09656527393716972 0.9952715147008058 0.010476635652458141 -0.7120182639758003 -0.9888041416835186 0.0971302025672051 -0.11327882917288858 13.487082344689833
-0.11610370296779242 -0.001608798505718919 0.9932357937189604 27.010991452672243 0.09710142276981133 0.9951900749626172 0.012962576594539817 -0.7141333831512989 -0.988479258180591 0.09794961185864433 -0.11538903623610049 13.415790445789813
-0.11676188617141194 -0.0024933791849720464 0.9931568078596311 27.713546604486503 0.09702155293308772 0.9951851439288558 0.01390494767142795 -0.7082719911423893 -0.9884095710808111 0.09798118372184089 -0.11595778297432516 13.320113422384532
-0.11897578025230598 -0.002089493972182936 0.9928949580536167 28.464922739116044 0.09971512405705452 0.9949169347395802 0.014042328961902002 -0.7072308403730372 -0.9878773495468188 0.10067734096274272 -0.11816266444622237 13.244392337850767
-0.11986181889818052 -0.0022156112344175975 0.9927881120547705 29.278698934999895 0.09941448586941953 0.9949444540648986 0.014222985790952892 -0.7002872955090628 -0.98780053875757 0.10040231268426421 -0.11903558811512074 13.155761634345348
-0.11947741343872595 -0.0008228402246503745 0.9928365779985919 30.0969681885394 0.10185540739795355 0.9947131984681755 0.013081619815544171 -0.6931755790553856 -0.9875984121401751 0.10268873223078767 -0.11876194934003562 13.048723546224002
-0.11967601512731967 -9.261823510744e-05 0.9928129948913369 30.954105288706852 0.10153523749315758 0.9947555051149892 0.01233209595405463 -0.6845660022360656 -0.9876073343948293 0.10228135932453485 -0.11903897086362927 12.970441170105106
-0.11843930630052243 0.0013534960125946318 0.9929603711989682 31.78473611578045 0.10125941084458842 0.9948022758341406 0.010722113159776586 -0.6821213908284116 -0.9877847247444476 0.10181650182435169 -0.11796074566479355 12.868341856223832
-0.11764417554200916 0.0015094764260196987 0.9930546658880155 32.64259263059869 0.10142003636617752 0.994788252418117 0.010502812689072287 -0.6747220976909706 -0.9878632618862442 0.10195123506764353 -0.11718413494862742 12.783282747619783
-0.1159071992415093 0.0006534959846119613 0.9932598321219807 33.527478067351446 0.10101778827987215 0.9948223203061881 0.011133618982398624 -0.6699400282787382 -0.9881097750832334 0.10162737802187229 -0.11537308360864632 12.684816402675875
-0.11380546296497318 0.0017263478345130698 0.9935015532561992 34.38955678140267 0.1021138909761861 0.9947227649191068 0.009968661965428031 -0.6663155635185156 -0.9882414026284455 0.10258479748399253 -0.11338116887797868 12.583424436050809
-0.11225607970908376 0.0024779790422523548 0.9936762210037091 35.26648372993732 0.10223446789698314 0.9947189898018801 0.009068897470944325 -0.6634081892851443 -0.988406134209098 0.10260599859357157 -0.11191658907618479 12.481049278006733
-0.11170013493619062 0.002980854843234641 0.9937374876493482 36.181876538955976 0.10283854502371381 0.9946610922991693 0.0085758453589088 -0.6650047201230408 -0.9884064515737679 0.10315244044916237 -0.1114103250006022 12.402375959670858
-0.11066257200630476 0.002787442606464624 0.9938541267815229 37.089071705270634 0.10285370694022934 0.9946587715775749 0.008662741623338912 -0.6668628238254664 -0.9885215779767325 0.10318022236598987 -0.11035819673636516 12.31214872678135
-0.11024724223847113 0.0010326207704320935 0.9939036569372076 38.04876805679294 0.1055073515746963 0.9943612757759719 0.010670145306632598 -0.6714727704368794 -0.9882882900968276 0.1060404966581913 -0.1097345375256992 12.215944725550196
-0.10931316005037604 -0.0010643552196776273 0.9940067908157194 38.99314887190752 0.10706594359458432 0.9941690241838117 0.012838811300027833 -0.6739349101151415 -0.9882244263131772 0.10782772603260725 -0.10856180146181774 12.129781930277435
-0.10850395990230305 -6.49581495226177e-05 0.9940960147118367 39.937121801143874 0.10909872665459067 0.9939588108016577 0.011972897397462786 -0.6779251548790294 -0.9880912703429134 0.10975371615659442 -0.10784138010036629 12.043538949839567
-0.10816219366479198 0.0013597828075821447 0.9941323306543925 40.9059143474681 0.11143211248016399 0.993713744586216 0.010764670391479714 -0.6825067105121716 -0.9878683232950807 0.11194259605326991 -0.1076337819600642 11.954499124693504
-0.10843849943642662 0.0011234939914610133 0.994102524693115 41.91543397607692 0.11056664475599891 0.9938085252861237 0.010937647645140016 -0.6808204551095318 -0.9879352756670766 0.11110064279679004 -0.1078913261701959 11.872753764269854
-0.1079705806989774 0.0007643758048857602 0.9941537956640071 42.93569321777368 0.11108635927003185 0.9937465063325368 0.01130052812903537 -0.6843024678156537 -0.9879282233480631 0.11165705029909678 -0.1073802990815841 11.762493586690255
-0.10839102574300821 -0.0007524945997105481 0.9941080521202177 43.93918169003453 0.11124386264971882 0.9937096508130969 0.012881494621053575 -0.6953374154611539 -0.9878644585980174 0.1119846580241219 -0.10762549793646446 11.690257148752739
-0.10814576995598817 -0.0008343693136399404 0.9941346972460384 44.94849534563056 0.11339906375823885 0.9934622333113341 0.013169788259503918 -0.6998976603594508 -0.9876462650055363 0.11415820080876476 -0.10734412144465563 11.581564955941449
-0.10710698897987861 -0.0009811379760517346 0.9942470167317243 46.03419612994714 0.1146815384981404 0.9933128088659208 0.013334484263852092 -0.6951739576675032 -0.9876113798652628 0.11544999398508363 -0.10627822566020312 11.465949793843263
-0.106369840150263 -4.774956559685284e-05 0.9943266338715784 47.11518398839417 0.11565221155065197 0.9932121196712739 0.012419794745757889 -0.6953047984406503 -0.9875778567130064 0.11631716579277145 -0.10564229206187668 11.35929030541796
-0.10630027062891972 0.0005943046547094218 0.9943338972730403 48.21355974529627 0.11544108475651257 0.993244857867195 0.011747692139481933 -0.7006229269722788 -0.9876100487613837 0.1160357665650652 -0.10565080436608247 11.24305177811226
-0.10711547785493944 0.0015235086145550705 0.9942454190618164 49.337851776315745 0.1151432181221725 0.9932892833601197 0.010882962942063285 -0.701528272979811 -0.9875567394962084 0.11564635093002493 -0.10657207792002757 11.131496543802248
-0.10868510779362937 0.0027072043688640955 0.9940725418139214 50.48572820386459 0.1143249817649396 0.9933951243569248 0.009794153782974714 -0.6956145273132907 -0.987480301519143 0.11471180387555657 -0.10827675726250388 11.02753038663419
-0.1097076504770238 0.002447854343616151 0.993960884258491 51.60541439175365 0.11416549269970679 0.993409848876932 0.01015442912886862 -0.6968974423718977 -0.9873856752573682 0.11459005263727298 -0.1092641209782208 10.925883364078828
-0.11060288277817021 0.0022285903012806813 0.993862181444905 52.75668825980794 0.11413108171387146 0.9934104890467274 0.010473606769029014 -0.6933586284011408 -0.9872897743357746 0.11458897694455701 -0.1101284152924234 10.808991921672849
-0.11113550749489604 0.0012445553845855484 0.9938044828112542 53.92575774422134 0.11188442752368248 0.9936573447607889 0.011267478893924751 -0.6974405744011053 -0.9874871006000807 0.1124434626148733 -0.11056985965274835 10.69050692098122
-0.11271042935811047 0.002536647950181306 0.9936246396557834 55.11885949543192 0.11182267969064577 0.9936763623517377 0.01014767018629411 -0.6908379659520171 -0.9873155764094467 0.11225351807664616 -0.11228134421489211 10.574764266475734
-0.1159010830494242 0.0034335983045698723 0.9932548259891072 56.32057500886062 0.11030447757036839 0.9938530537363984 0.00943556075448334 -0.6902840284215901 -0.9871169440222891 0.11065404638560168 -0.11556738658719966 10.45480071850255
-0.11940590984345015 0.004310350352336362 0.9928361645177396 57.57527589401587 0.11113078606031392 0.9937645732653236 0.009051039299116668 -0.6913788502750146 -0.9866063942039291 0.11141541097450598 -0.11914037566378581 10.309012768014266
-0.12429271091231053 0.0037492996196606676 0.992238512035503 58.81853779380162 0.10862337225706752 0.9940341686007447 0.009850616920674318 -0.6906257889531284 -0.9862820514505852 0.10900465314186121 -0.12395846312314232 10.1941488513924
-0.1280726152640635 0.0034429819842247923 0.9917588169986078 60.074626170122535 0.10762507385605043 0.9941366611388109 0.010447126745924084 -0.6870646120885776 -0.985907829716808 0.10807610677121071 -0.12769223331227023 10.03485145405092
-0.13243062370881972 0.00427269176052501 0.9911830678584108 61.28053606306491 0.10667260303933333 0.9942442480382707 0.009966494048311396 -0.6916553413963494 -0.9854354802141588 0.10705194695997762 -0.13212416503869598 9.8791319589942
-0.13794957669724647 0.005562283583666858 0.9904236342547486 62.44111610857123 0.10696840609026219 0.9942187811495677 0.009315326508852624 -0.7118094048630382 -0.984645963982772 0.10722908285904796 -0.1377470486132035 9.770606912955085
-0.14367048204511873 0.006812123925470051 0.9896021359902907 63.62925884438048 0.10670520897179352 0.994253097611512 0.008647327228053338 -0.7291753655319125 -0.9838560824466207 0.10683806839103292 -0.14357171091570878 9.648374087949904
-0.14628559810312305 0.006607655030231006 0.9892203307062646 64.78549948107079 0.105121032529821 0.9944195830823648 0.00890288167676306 -0.7378855353158137 -0.9836412416666345 0.1052902259342596 -0.14616386699604209 9.470479404962735
-0.14979750914189058 0.005591391068303099 0.9887008863153735 66.02771744416833 0.10355521561526998 0.994572779249728 0.010064993509036155 -0.7527336615413002 -0.9832787110345481 0.1038928444185793 -0.14956354269960545 9.28904936861397
-0.15463664288981427 0.004619574607025424 0.9879606106552105 67.27103622431794 0.10146922517342105 0.994775285808706 0.011230631634260945 -0.7621835037698634 -0.9827469180915678 0.10198426483849803 -0.1542974552832208 9.110916424023863
-0.1588564111695113 0.004079305300885651 0.9872932694486494 68.62574762844626 0.10088121733369777 0.9948246328999569 0.012121458853136589 -0.7650375026893621 -0.9821342172125028 0.10152491833889493 -0.15844579621014415 8.88940281152795
-0.16437698865728728 0.003864247477325437 0.9863900208291819 69.90873363398828 0.1014491242392265 0.9947556694269966 0.013008971286465457 -0.7656629858373332 -0.9811667956015725 0.10220677929703235 -0.1639069659125933 8.700391127287308
-0.1677431460015495 0.00558741806495157 0.9858149003382268 71.15246462088098 0.10205884076166737 0.9947092252578484 0.011728180136134154 -0.7653168621420557 -0.980533645517526 0.10257844776700725 -0.16742590021207657 8.48906740851686
-0.17316570091600647 0.006801126274007363 0.9848692221344266 72.38479075682487 0.10213575019382269 0.9947086615579223 0.011089055594732455 -0.7652656307093543 -0.9795825276915742 0.10251060093006624 -0.1729440607200603 8.281160305455641
-0.17927176636082126 0.0070417934666420125 0.9837743882266106 73.65113714682795 0.10272272781996612 0.9946423952848815 0.011599426329337184 -0.7663647751383394 -0.9784220331610979 0.10313543836488968 -0.17903465133371863 8.064691071930433
-0.18468322117692051 0.0068173465579939654 0.9827744561198275 74.89054139134765 0.10182949803785214 0.9947266178235189 0.012235567936685865 -0.7780184398401222 -0.9775084967124716 0.10233513365058274 -0.18440352294802306 7.874081190707175
-0.1899558671244748 0.007993759482630787 0.9817600869633683 76.17981282708236 0.10128744449340692 0.9947907596413673 0.011497744132543938 -0.7780812072212099 -0.9765539524946814 0.10162403427081837 -0.18977600882498302 7.646506803798804
-0.1960344119851545 0.008329541634381583 0.9805616390894524 77.49141184481797 0.0999045705458102 0.9949303164833622 0.011521376930072264 -0.7839725961877042 -0.9754945341218946 0.10022117579867491 -0.19587273883784756 7.410515656552704
-0.20054804303466062 0.007563554991612999 0.9796546713362084 78.70629283425617 0.1015422469874894 0.9947448817482119 0.013106956643650492 -0.7906913827673565 -0.9744073350050786 0.10210491110429464 -0.20026215972241232 7.182686604320153
-0.20381785754835077 0.007497296624637821 0.9789801180247332 79.97904923715282 0.10428205120717621 0.9944478772096607 0.014095151975559928 -0.7872440353910914 -0.9734390246648343 0.10496289847614108 -0.20346806924690608 6.914709439868767
-0.20685206754159538 0.008129763698755245 0.9783384532440539 81.08335460307546 0.10514474260174143 0.9943588265700791 0.013968075221001484 -0.7824612353852297 -0.9727059192052757 0.10575647008277407 -0.20653998106577598 6.671366968326851
-0.20943214445991892 0.008688891311159052 0.9777845775193535 82.43393145036194 0.10599739487145941 0.994269693764293 0.013868249432198936 -0.7889081141364939 -0.9720610727456289 0.10654707518103411 -0.20915303397986879 6.404908097168755
-0.21293345578095266 0.008483731646504525 0.9770298714504739 83.74753528049865 0.10518216976812475 0.9943503050489434 0.01428922712862653 -0.7920869540323284 -0.9713887247503186 0.1058087763203722 -0.2126227840132272 6.160851282057864
-0.21704641395163832 0.00921366337147358 0.976117801598767 84.94892639082649 0.10408599311126134 0.9944731482475904 0.013757305425098053 -0.7937048663946429 -0.9705961880353623 0.10458616458114585 -0.21680584390054955 5.936677756435522
-0.22121481408461668 0.009921289318353333 0.9751746377176598 86.19812693275199 0.102575114123222 0.9946383448880531 0.013149480634283303 -0.7959252826798139 -0.9698156278345477 0.10293750966778524 -0.22104641392992258 5.674127394115662
-0.22524240673107138 0.009795199188235707 0.9742535154069789 87.49161155973346 0.10190678780756432 0.994701535862404 0.0135595409844345 -0.7933380715062982 -0.9689586496898304 0.10233722991085736 -0.22504716520195084 5.404115335195594
-0.2300635308855618 0.010315249255660595 0.9731209418100408 88.75555515081338 0.1019519238295754 0.9946969134656204 0.013559335138784503 -0.7930430525742944 -0.9678205293255135 0.10233106065487338 -0.22989514357926857 5.1272468022462885
-0.23536211621582656 0.011091360947319216 0.9718444607871896 90.03573627040849 0.10219129791624992 0.9946745511630826 0.013396861524322895 -0.7887823110609218 -0.9665203634071043 0.10246716049957809 -0.23524214787863632 4.859629466723786
-0.24060959997752152 0.010713241858846543 0.9705628505395878 91.29671148285232 0.10123833031941225 0.9947620321165339 0.014117362838341207 -0.7994734306989706 -0.9653278307770871 0.10165493548395056 -0.240433885338485 4.590262842378339
-0.24606922082271807 0.010564973940073696 0.9691946759497521 92.63093900349988 0.10111828002432963 0.9947638847641348 0.014829262081300507 -0.7944963652394273 -0.9639631901730601 0.10165232360650037 -0.24584908601981462 4.296455974227113
-0.2500192987618633 0.010595440138804263 0.9681828788482526 93.90172379927428 0.10193535159389691 0.9946712279266061 0.015438018991869492 -0.7981768386476847 -0.9628600803554256 0.10255186484521019 -0.24976705282065448 4.0034505278471455
-0.25396102209089183 0.011408778440671617 0.967147165137261 95.25528264502785 0.10261242027410152 0.9946050892888557 0.015212086187815483 -0.792109328179144 -0.9617559412158793 0.10310458833236565 -0.25376160742077075 3.6691241412429023
-0.2570539650180402 0.012709139179395776 0.9663134775267403 96.58817890877997 0.10318573177115811 0.9945583218403579 0.014368340785542619 -0.7886698876793836 -0.9608725013379015 0.10340320226858708 -0.256966561897161 3.320452744194438
-0.2597469812244688 0.014721812604631887 0.9655644846297985 97.90393211551245 0.10349274196993864 0.9945494199674131 0.012676892443097821 -0.7848049122105155 -0.9601149712947504 0.10322170060653428 -0.25985481026830437 2.9784689740052177
-0.2636295343068845 0.015519973261287592 0.9644991441526027 99.15532653821381 0.1042044082924238 0.9944775950968586 0.012480149950342646 -0.785917495204979 -0.9589790977563383 0.10379519873446404 -0.2637909149044234 2.6565948700962894
-0.2665049190929516 0.01654003296793779 0.9636916287945423 100.53492966635791 0.10325712122745785 0.9945883879818552 0.01148500794345364 -0.7740729482343616 -0.9582865411843563 0.10256883445308042 -0.2667705740591714 2.272891301636842
-0.2713316053429225 0.016488912163839662 0.9623446761517854 101.85443792010012 0.103392038696508 0.9945669555306289 0.012110214725767643 -0.7810633153243747 -0.9569165304644978 0.10278466199865796 -0.27156227090965696 1.9458631527901675
-0.275207582547304 0.016126468177205 0.9612495636059335 103.1721762938511 0.10287230111000081 0.9946126431819887 0.012766349786006813 -0.7879271659183169 -0.9558650930820742 0.10239935081169027 -0.27538390799126716 1.5832441293154862
-0.2788295164804101 0.016482885263818713 0.9601991539429098 104.48443945551358 0.10445131513208629 0.9944415913128067 0.013260627225671876 -0.7910087778996568 -0.954643401227117 0.1039915186956181 -0.27900132711673814 1.223644433208153
-0.2818991015220441 0.016542627594608568 0.959301432310684 105.80135447120212 0.10652967665498393 0.9942086902665827 0.014160091460875388 -0.7925909349240384 -0.9535115754687233 0.10618578845901426 -0.2820288172802366 0.8571427988231546
-0.28466200932097663 0.016577964972693513 0.9584845911785478 107.14817289047274 0.10766428078740763 0.9940774116428234 0.014781823433653123 -0.7885697205880724 -0.95256282894719 0.10740237771510565 -0.28476092809454684 0.47489802701268347
-0.28741926554076414 0.0160043692162111 0.9576711470865135 108.34178989353018 0.1071810966894554 0.9941178418325678 0.015554069004312627 -0.7926086712532903 -0.9517890408638112 0.10711478290197411 -0.28744398580490366 0.1316764921347489
-0.2909572444156365 0.01657139092361545 0.9565925312926691 109.53266539365261 0.1052324932999134 0.9943377732147645 0.014782256667172373 -0.7821748509267955 -0.9509311248854694 0.10496562180613274 -0.2910536272972886 -0.1993801721541481
-0.29360642750418253 0.018521126617097032 0.9557469506083002 110.8734604060185 0.10490717973755542 0.9943976004196319 0.012957465769876796 -0.7823241329626178 -0.9501524874291203 0.10406911236529147 -0.29390452613690266 -0.5916936936628291
-0.29674846305421665 0.01994338841123104 0.9547474068745297 112.24958551945583 0.10379359179158298 0.9945325343246411 0.011486012049285033 -0.7842609149915398 -0.9492982881992169 0.1025051190354594 -0.2971959969339496 -1.0035481825591226
-0.3000159065559566 0.02049380798238157 0.9537140345238654 113.5744600633442 0.1025759922379034 0.9946655128049139 0.010894193542192353 -0.7965571780527115 -0.948403195708354 0.10109659475426093 -0.3005176482326387 -1.4019104672128144
-0.3041761746235411 0.021105945912056553 0.9523819579551821 114.95112804418116 0.10008612253918728 0.9949293536487028 0.009917122729542692 -0.8002694379489361 -0.9473434555991087 0.09833676980316197 -0.3047462171023955 -1.8047999362742546
-0.3079230420378322 0.02146975450551214 0.95116899120169 116.38694230364666 0.10052532165674546 0.9948833690866777 0.010086705137796326 -0.802238334400392 -0.9460856514544423 0.09872249772064522 -0.3085057674595765 -2.239097604033312
-0.3123612220286695 0.020766657718442206 0.9497363912686305 117.79429971091515 0.0995816718667312 0.9949686322261454 0.010995977184754584 -0.7994466191393795 -0.9447295685014755 0.09801105454603984 -0.31285759633704074 -2.659225271354719
-0.3149097313263845 0.02008865611671292 0.9489090088155814 118.93644237928349 0.09907866022618074 0.9950094462731897 0.011816129437884793 -0.8008777719249707 -0.9439360572643309 0.09773764741660838 -0.31532851452689475 -3.038396282256377
-0.3185436089279797 0.020006311821165138 0.9476970595598854 120.24636148579458 0.09899380680656146 0.9950124106345792 0.012269021847545499 -0.8044239382320846 -0.942724877907168 0.09772435812255639 -0.3189353451790056 -3.452476333022445
-0.32222296471131784 0.020372674471221815 0.9464445652797311 121.60323256683478 0.09827394002707412 0.9950865856904334 0.012038259446358545 -0.8113377517998588 -0.9415490394685797 0.09688984009602539 -0.32264185277481194 -3.890078130956619
-0.3262031095212468 0.020606471199671197 0.945075078860599 122.9893047421348 0.09717824954520625 0.9951965310015342 0.011842824740309527 -0.8171328675258895 -0.9402914011911413 0.09570390810827993 -0.32663870379794785 -4.342553527539145
-0.3292524368407619 0.021571788423156112 0.943995492986406 124.3572641245875 0.09731560454835751 0.9951905438773491 0.01120064678855535 -0.8199604929917654 -0.9392137701001877 0.09555333234022649 -0.3297681833240908 -4.807897115847178
-0.3322757213210452 0.022428392017318312 0.942915591265781 125.70455900170678 0.0982550913912275 0.9951009665705378 0.010954603875582182 -0.8261028717824503 -0.9380505221128983 0.0962862064985832 -0.3328515951619164 -5.265912438840235
-0.3343576711615281 0.022309696694080595 0.9421821613514334 126.87198298438827 0.09962803926619113 0.9949548237045482 0.011796295139284176 -0.8309235830048125 -0.9371655144783199 0.09781194313813606 -0.3348934491030381 -5.6730578526516355
-0.3370602500622034 0.02178221276448839 0.9412310678229275 128.18295483050656 0.10025271102606303 0.994878670115916 0.012877332033435098 -0.8304490634275481 -0.9361302162412711 0.09870140300653349 -0.33751777921261145 -6.121036019680798
-0.33891042611263966 0.022346957482067133 0.9405532077258811 129.5334360544037 0.10170484404616742 0.9947295009288246 0.013013250148371257 -0.8388189266872803 -0.9353052163704064 0.10006914346178326 -0.3393969928522234 -6.595724759818482
-0.34189974108915316 0.022920092588769616 0.9394568837359666 130.85684257661103 0.1013344825249586 0.9947724998935898 0.012609365838327367 -0.846162248140555 -0.9342568649437735 0.099510516083322 -0.3424350558781372 -7.057042790691307
-0.34311320446057836 0.022722421798843886 0.9390191800343538 132.15966312576182 0.10082835127918108 0.9948218856873707 0.01276946889000258 -0.8546740881165693 -0.9338666781201246 0.09906112913250455 -0.3436275893927586 -7.523969908418114
-0.34560332616326606 0.024127600716687857 0.9380704663449035 133.50600443215026 0.10042921463513299 0.9948787636498314 0.011411331488473597 -0.8547232344322863 -0.9329910577238447 0.0981534743258033 -0.3462565258375888 -7.99822565152007
-0.3493271209662393 0.025667900198889683 0.9366491987167981 134.73877117533112 0.10055449696695201 0.9948788692798648 0.0102385838926137 -0.8594458030755956 -0.931589692781733 0.09776090404544802 -0.35011919390838225 -8.43672154700981
-0.3522129872231561 0.025495571147803653 0.9355725452807974 135.90949418828964 0.09815348905285115 0.9951227059645118 0.009833242629200024 -0.8758246415655446 -0.9307587787488735 0.0952931053418912 -0.3529976201849055 -8.843250243358193
-0.35554338121786416 0.02641346697915055 0.9342864832771108 137.1227061262981 0.09914736142182187 0.9950264528975682 0.009599935268559406 -0.8889365643618556 -0.9293861978721543 0.09604523307385833 -0.3563938950214067 -9.278852249271493
-0.35812690387492524 0.026165698700720882 0.9333062074863021 138.40636275976286 0.10071262029984068 0.9948574370055974 0.010753982842654136 -0.894304085052417 -0.9282252360463491 0.0978470042778194 -0.35892042978988614 -9.755034715813876
-0.3602375139994501 0.02521479847386634 0.9325197839431716 140.00520100623106 0.10103680452679865 0.9948087144222076 0.012132017170873142 -0.901355574145126 -0.9273729010697424 0.09858922683307601 -0.36091504085303383 -10.389046483808697
-0.36263781300348563 0.024913450239223884 0.9315970891846044 141.28767513050232 0.10064109648941584 0.9948433720028609 0.012571192440314585 -0.9041837931334589 -0.9264799977751585 0.0983157422752912 -0.3632751416535429 -10.884123017138057
-0.36586736967884154 0.025024139695320018 0.9303305112898298 142.59242303723357 0.09905154080706476 0.99500763903076 0.012189771702720145 -0.9102579808110972 -0.9253809270068372 0.0966105103129447 -0.36651950729673355 -11.373842547361882
-0.36962711623840233 0.02430220840890787 0.9288623135899821 143.85475373625454 0.09706697031309922 0.9951982368390442 0.012588592720263875 -0.9176335626461836 -0.9240962061471314 0.09481493584288928 -0.3702111961105312 -11.85169560881377
-0.37311089344228654 0.023328777846473244 0.9274934120083496 145.14951800490837 0.09601226560805856 0.9952873776551925 0.013589728953899469 -0.9249155404919591 -0.9228054540625067 0.09412121973510099 -0.37359241152366907 -12.351355512158177
-0.3761896467753301 0.02354179731831412 0.9262435605379814 146.44105243541344 0.09513525794735853 0.9953749696184448 0.013339885769825461 -0.9259495475226251 -0.9216456110427395 0.09313674696963728 -0.37668941319019283 -12.868069447933253
-0.37947867902212734 0.02348909163796826 0.9249022622643137 147.74810780014488 0.09498966410899065 0.9953840615487144 0.013694295426560489 -0.93138884324409 -0.9203113037880627 0.09305284836474587 -0.3799582497211047 -13.38833898754621
-0.3830626407160661 0.02303700823383397 0.9234350597303902 149.0993735292703 0.09408439150798463 0.9954630292630104 0.014194528701809822 -0.9278042406118685 -0.918918462412312 0.09231821934011133 -0.3834921196265509 -13.9567777740373
-0.38663359882713694 0.022750524318731438 0.9219527503626206 150.44981773993626 0.09309872037579808 0.9955516494760199 0.014475548001659214 -0.9319181113570806 -0.9175222550556291 0.09142935452458695 -0.38703176175716114 -14.508792853899912
-0.3900637020399174 0.023471789552510558 0.9204886655717813 151.84324946950127 0.09346172776242039 0.9955213190478447 0.014220012830026831 -0.9381200145272492 -0.9160323213700373 0.0915771719176016 -0.39051044517272054 -15.09177790589106
-0.3948479587226365 0.023837574616745745 0.9184371832242855 153.156746346079 0.09347354898667787 0.9955183828262756 0.014347302700358939 -0.9425180883422043 -0.9139790944722991 0.09151458622171695 -0.3953065840284801 -15.604768079310498
-0.3983357256429895 0.02382064320718737 0.9169303281240457 154.51938704380325 0.09316325649167874 0.9955436576608048 0.014609357658573664 -0.9389337620374849 -0.9124961683844705 0.09124364442812796 -0.39877981397650364 -16.165468603626543
-0.40173458960692543 0.024705365249392004 0.9154228336901209 155.99191555900813 0.09156017088946433 0.9957106014369145 0.013309143203597848 -0.9180531081883776 -0.9111674130586807 0.08916301427170475 -0.40227341729964783 -16.821528932359694
-0.40533513496316026 0.025185563878292044 0.913821161790714 157.28552143243897 0.09213494331060079 0.9956560062250959 0.013426447371816481 -0.9161956937312071 -0.9095133757045852 0.08963707179514827 -0.4058948321603054 -17.375861974027295
-0.40909840662937824 0.02549984839498465 0.9121338999429514 158.58258227626982 0.09262455076746808 0.9956067231275438 0.013709320126937954 -0.922638201529738 -0.9077770575909208 0.09009445374189938 -0.4096630360632018 -17.927089326609202
-0.41233726303619084 0.02657594244495211 0.9106435640770693 159.90731334501547 0.09360586197836197 0.9955200711523393 0.01333156165317333 -0.9253857232307061 -0.9062096468892357 0.09073867541455186 -0.4129776854369997 -18.511664348332854
-0.41529994872508635 0.028369026469870606 0.9092420749866859 161.08237225382302 0.09554576902127797 0.9953454746214573 0.0125853952143583 -0.927151391646594 -0.9046529492634595 0.09210094726831582 -0.41607746502448995 -19.041052578849843
-0.4181520383517717 0.02878459878672053 0.9079208774419432 162.3047604005571 0.0966771518487056 0.9952312448712162 0.012972954270129967 -0.938166140856861 -0.9032178038173756 0.0931998718065663 -0.41894078670208146 -19.590591112443317
-0.4207724415620375 0.030702483823973586 0.9066465187210296 163.6213553374418 0.09872867835805689 0.9950405314015586 0.012123899445245058 -0.9472052454913561 -0.901777799954953 0.09461341530209123 -0.421716849501275 -20.1853666538041
