1.0 0.0 0.0 0.0 0.0 1.0 0.0 0.0 0.0 0.0 1.0 0.0
0.9999971626062597 -0.0021117077960223826 -0.0011024833843378476 -0.02168583492273988 0.0021148607143356077 0.9999936551272802 0.0028665430997391987 -0.016897767162737432 0.0010964230878096858 -0.0028688665650254998 0.9999952837194007 1.0643562111308806
0.9999901398592785 -0.0024856410596806266 -0.0036799147737493925 -0.031412584235174706 0.0024984733715191425 0.9999908004388248 0.0034866414401691042 -0.029785056497815418 0.003671214381024179 -0.00349580123046554 0.9999871506968108 2.130652664550812
0.9999903744968477 -0.0009988359607818954 -0.004272381113231902 -0.0605181155252558 0.0010138812456034281 0.9999932879584227 0.003520807141113613 -0.05207643139564601 0.004268835728048641 -0.0035251049386579307 0.999984675220925 3.0887285962040574
0.999984737686098 -0.0008995984827672659 -0.005451157439884884 -0.07779658831070435 0.0009178442308138912 0.9999939823900531 0.0033455561050660925 -0.06746356146082623 0.005448114979749443 -0.0033505083575458743 0.9999795458592712 4.0858775809701475
0.9999799734084354 -0.000665777100148622 -0.0062936096888622835 -0.10171929115045752 0.0006880480603791967 0.9999935075239494 0.003537159851930327 -0.08807505301287491 0.00629121386772301 -0.0035414193206136776 0.9999739391490498 5.108248184030126
0.9999690939146876 -0.001569231742159513 -0.007703812509131177 -0.13814230546629758 0.0015993158400528613 0.99999111415922 0.0039004860527822546 -0.10337054152319568 0.007697623287755836 -0.0039126863334020025 0.9999627180457166 6.1703794304887465
0.9999511539002578 -0.003553147083013642 -0.00922306669969663 -0.16257129867793974 0.003582684546318452 0.9999885003831951 0.003188020202572347 -0.1207871540155292 0.009211633133280345 -0.0032209078187540306 0.9999523846503103 7.16278279111213
0.9999378388385687 -0.004076593041890769 -0.010377853729056592 -0.17743403761530063 0.004111245410837084 0.9999860377720554 0.0033199280291575997 -0.13141377281466743 0.010364174835593905 -0.003362387562093185 0.9999406373529685 8.0860834494368
0.9999298316988872 -0.0035191305261826756 -0.011311383601198148 -0.2110738493081461 0.00355773106741809 0.9999879108009456 0.0033942306364269483 -0.1465728480597221 0.011299302114984562 -0.003434235329882903 0.9999302634681153 9.11605670821845
0.9999219985432131 -0.0028030900770560276 -0.012171257756068461 -0.2507724224325041 0.002842584953441812 0.999990747097186 0.0032288435694559367 -0.1634123042260282 0.012162094397233283 -0.0032631895491154763 0.9999207143838158 10.140957903084798
0.9999201068040209 -0.0009473610849678579 -0.012604860808770128 -0.288213384233645 0.0009935599767843801 0.9999928107613085 0.0036594076395238657 -0.18054982114426937 0.012601303409025145 -0.0036716389629648403 0.9999138593997589 11.145140293907732
0.9999193612960382 0.001025359262686984 -0.012657785892620597 -0.33375966915787336 -0.0009711099108290111 0.9999903210083276 0.0042912510070030425 -0.20901305816670135 0.01266206345198463 -0.0042786128647541635 0.99991067882141 12.546247408007346
0.9999157863344539 0.002452106420626823 -0.012743916715494966 -0.3664254909042585 -0.002387687839964637 0.9999843090223364 0.005067608499115552 -0.22671587178385505 0.012756143066320115 -0.0050367532422533655 0.9999059515428689 13.564993194491613
0.9999156586277336 0.0021327830340044217 -0.012811200864658244 -0.3949553912915539 -0.0020667228735346123 0.9999845128578981 0.00516746561838424 -0.24091357225978893 0.01282202353876942 -0.005140552585378605 0.9999045806633202 14.58386750935604
0.9999090509802943 0.0025758590160810647 -0.01323838049072239 -0.4307659838648203 -0.0025086763323785882 0.9999839044631906 0.005088944646121878 -0.25344558167268827 0.01325127581583082 -0.005055270999779078 0.9998994189039083 15.59423545028248
0.9999070562847623 0.002721743909481653 -0.013359300207436009 -0.45947512094268905 -0.002646117353246215 0.9999803938582642 0.005675382103765193 -0.2652085043604934 0.013374485219777408 -0.005639504336561148 0.9998946540190851 16.627140687160917
0.9999037686924848 0.003713788051534933 -0.013366418101886825 -0.4833659749923258 -0.0036219286997646216 0.999969703915177 0.006890056914627344 -0.2757795603771706 0.013391601362794023 -0.006840981662105516 0.9998869265986234 17.64432382236912
0.9999033616451661 0.004094596871882758 -0.013285392246857064 -0.5178829634067964 -0.004021779334513581 0.999976770222763 0.005503117828640153 -0.2910097072682078 0.01330761667920126 -0.0054491551003976214 0.9998966016779004 18.625011050820316
0.999900723379878 0.004462483507856314 -0.01336523944184918 -0.5474050505576973 -0.004416213067704011 0.9999841600539341 0.0034895133427288415 -0.30145510572902773 0.013380599632919469 -0.0034301431705624085 0.9999045922843317 19.625192438929258
0.9999063015077942 0.0023951942417001727 -0.013477805813542855 -0.5677143982463995 -0.0023473064887944445 0.9999908805066829 0.0035677802226468085 -0.32049574903463157 0.013486228429427581 -0.003535809385978769 0.9999028051239469 20.603034330822815
0.9999190538449519 0.00188996739615265 -0.012582280439430311 -0.604016447934233 -0.0018081599967941808 0.9999771749792163 0.0065099983112460475 -0.3394369829825977 0.012594296933174863 -0.006486720575754533 0.9998996480352084 21.56366205063458
0.9999237706600997 0.0004646569362469624 -0.012338434374710149 -0.6325155180739165 -0.0003658305310882516 0.9999678470034675 0.008010688314525597 -0.3550654633721396 0.012341759878961817 -0.008005563889043242 0.9998917901002643 22.531886730419295
0.9999131340884485 -0.0005233461613523826 -0.013170056423973992 -0.6451935679772234 0.0006171494674732705 0.9999744662225183 0.007119412161427735 -0.3634687856320492 0.01316599422565797 -0.007126921620509348 0.9998879255117882 23.514264312686286
0.9999230398062892 -1.6148190204474565e-05 -0.012406216336328468 -0.6748626337752283 7.805628294931262e-05 0.99998754872969 0.00498961850276262 -0.3748105332389736 0.012405981289866868 -0.00499020288388854 0.999910590754701 24.45938258221223
0.9999156509847785 0.0006188911070599158 -0.012973353054714242 -0.6933868549332353 -0.0005617279946729219 0.9999901208877915 0.004409375066843215 -0.393866816936935 0.0129759538125204 -0.004401715644802731 0.9999061203543258 25.357327142505298
0.9999229987991912 0.0021318355374622417 -0.012225045998765083 -0.7114100711508885 -0.002091178353904538 0.9999922438447435 0.0033375475197310145 -0.4037913889116106 0.012232066281820978 -0.0033117257729958745 0.9999197012895004 26.29574301896757
0.9999416451220137 0.002527830896531273 -0.010503162458867558 -0.7405031870523627 -0.002481224646958105 0.9999870292469625 0.004448017770316554 -0.42439083781905523 0.010514270061689453 -0.004421697501218089 0.9999349472422092 27.20222997391542
0.9999551514961891 0.003325193678419902 -0.008867811637163046 -0.7669525747587319 -0.0032666621126082335 0.9999728392632792 0.006606788507043461 -0.441121231573481 0.008889539632244219 -0.006577524058166774 0.9999388542617959 28.111824159022536
0.9999710851990025 0.0020993266263736963 -0.0073090077057563286 -0.7845879807358124 -0.0020414120021034084 0.9999665351572888 0.007922196826818504 -0.4614886108990031 0.0073253943897010594 -0.007907047062019511 0.9999419069144947 29.00350927652706
0.99998929475075 0.002322830088749141 -0.004001855104118446 -0.8097396326714461 -0.002288377279347271 0.999960466349007 0.00859238433160395 -0.4757845221344196 0.004021655545035037 -0.008583134593692256 0.9999550770345762 29.89217790951067
0.9999982320622137 0.0018574518371210632 -0.00029282267263823497 -0.8302367971443814 -0.0018549974839472488 0.9999649022214157 0.008170269863783962 -0.49018900042212077 0.0003079882779812122 -0.008169712233933897 0.9999665799141673 30.774384712760906
0.9999926352193202 0.0011210962844627637 0.003670510896075735 -0.8431642662851827 -0.0011439509421281146 0.9999799365877983 0.006230393093785169 -0.5031577908371164 -0.003663452382554411 -0.006234546092703867 0.9999738544340347 31.63237860935463
0.9999727835623191 0.000735236976064469 0.007341087195560034 -0.8550065029797475 -0.0007675391393423718 0.9999900326921001 0.004398340609926679 -0.5151645926785068 -0.0073377802020338796 -0.0044038554745112 0.9999633808488527 32.48483293948263
0.9999372260653566 0.0007924887352188793 0.011176577755320412 -0.8594659026468445 -0.0008511055866352123 0.9999859045369937 0.005240834533693854 -0.5320548811487795 -0.011172266913950993 -0.005250017993656021 0.9999238059787711 33.323349879972234
0.9998470261805729 0.001247930839419836 0.017446114366276116 -0.8669434332203062 -0.0013320026175005616 0.999987553650001 0.004808150799576619 -0.5461713525470882 -0.017439896986167217 -0.004830653548385182 0.9998362439816874 34.161294429143226
0.9997152893001225 0.002540802688764178 0.023725190436874787 -0.857998998404962 -0.0026378986271910288 0.9999882702444228 0.004062125600907587 -0.5621409987854009 -0.023714591086541125 -0.004123553717567775 0.99971026526406 34.97926660342232
0.9995223956877531 0.003909161399950741 0.030654509876378522 -0.8365972665742871 -0.004023348075335057 0.9999851931960062 0.003664158704105352 -0.5686761010904002 -0.030639732193289963 -0.0037857424494187174 0.9995233238725502 35.830872176435236
0.9992592812014484 0.0047928371104543205 0.038182687768076734 -0.8110903090986092 -0.0049615070815186065 0.9999783433699231 0.004323914733452786 -0.5803628410728822 -0.03816113704073557 -0.004510155604278856 0.9992614203081114 36.649324997490844
0.9988132445863049 0.006922919940453938 0.048209704608855874 -0.7866563588410935 -0.007173029219185562 0.99996168859416 0.005016871109957809 -0.5990759327774385 -0.04817312623025152 -0.005356726930815656 0.9988246369537515 37.436611156498515
0.9980778611815816 0.009203694148273812 0.061285194241533086 -0.7563806033029425 -0.009528239167938251 0.9999420770968102 0.005005507933411808 -0.6114133392486879 -0.06123557526108447 -0.0055798266404938 0.9981077446133291 38.23667479404313
0.9971031123263724 0.011101208123979698 0.07524723627646299 -0.7101523617483955 -0.011537183539663006 0.9999190695945075 0.00536168417792814 -0.6253163319567044 -0.07518162531516494 -0.006214293156896921 0.9971504930428161 39.01457392738712
0.9957600173109138 0.012803723513260068 0.09109364735896885 -0.6502824608696453 -0.01348427664211396 0.9998855550905249 0.006859373495442206 -0.6382209349210661 -0.09099539663303349 -0.008058621811890801 0.9958187065957793 39.79596093991663
0.9940062767974535 0.01298122570028288 0.10854957147118238 -0.5786845147040275 -0.01388835378003752 0.9998746314284449 0.007604936233231314 -0.6486656603421469 -0.10843724137278447 -0.009066929201739234 0.9940619475054419 40.56184405626911
0.9918029965975879 0.012428446722092425 0.12717055340021297 -0.4894488003466505 -0.013375739276928512 0.999888773750448 0.006597706163560139 -0.6565110397570245 -0.12707440945696324 -0.008244624909672938 0.9918589217329565 41.33097938047463
0.989098779588703 0.011773291040867332 0.14678213050027836 -0.3908999566093688 -0.012751841391743093 0.9999022885462069 0.00572746900276385 -0.6675254813707937 -0.14670035704541956 -0.007536775048047182 0.9891522644490189 42.07897668116501
0.9858286524056274 0.009164396260495604 0.16750487138373174 -0.2801273279463565 -0.010224775945111644 0.9999327693194581 0.005469076520909863 -0.6765455293614828 -0.16744348913281834 -0.007104272116124895 0.9858560783728666 42.8157641778489
0.9819546816573211 0.0036518149349235546 0.18908111333220368 -0.1573095449327722 -0.005188713261715259 0.9999573996829245 0.007633876738051052 -0.6939010441727306 -0.18904518091173983 -0.008477208682410527 0.9819317982971131 43.5191347968248
0.9773416676641961 -0.0016792059399109664 0.21166115589492304 -0.009199117563835346 -0.0003060263535298625 0.9999562766087096 0.009346187389362152 -0.7074738318362466 -0.21166759552476305 -0.009199192261143433 0.9772984210907679 44.238924482749994
0.9717267154689914 -0.00632504923457567 0.23602369414112115 0.14734316257949373 0.004373662996495961 0.9999517989385479 0.008790385176739983 -0.714897905431839 -0.23606791716756992 -0.0075095640181391966 0.9717075408436547 44.95194352051337
0.965350358289339 -0.012599333399297637 0.26065291586424505 0.3349712159749447 0.011099559380202169 0.9999122944175436 0.007225181949908734 -0.7241998748918912 -0.26072108762469814 -0.004081699466791734 0.9654055387231096 45.64634908351933
0.9577961979390003 -0.016063011396309078 0.2869989945600371 0.5232143956203182 0.01432728818996061 0.9998641676230124 0.008147092528165246 -0.735066596370475 -0.28709087764454 -0.0036913369424429352 0.957896237598241 46.32804741047455
0.9494534874695127 -0.01907348456517017 0.313327747444296 0.7440121684439044 0.016631134508690658 0.9998069146321077 0.010466079436900508 -0.740948633036534 -0.3134668730455078 -0.0047260597084466125 0.9495873755809436 46.99070203953876
0.9399225099760224 -0.02363505187534785 0.34056872957336864 0.9757541800220151 0.02021945123286118 0.9997033984586765 0.013575304859014824 -0.7520161231581763 -0.34078856939781754 -0.005873621797728339 0.9401216152896211 47.65733802272065
0.9291841760322938 -0.0265079627081787 0.36866528847213714 1.2318605252097048 0.023335517114034973 0.9996423555445482 0.013061954002662371 -0.7589359536253946 -0.36887968316539677 -0.003533965818843167 0.9294704354810795 48.30736527769241
0.9172756980372498 -0.025982089791291373 0.39740435931221 1.5027091357771718 0.024295902743322422 0.9996617533772724 0.009278358937044049 -0.7640299057371432 -0.39751100978483433 0.0011444844930046667 0.9175966909569184 48.95090508994981
0.9043994419959063 -0.02689981769687036 0.4258380550460044 1.780871577874003 0.027849105206901682 0.9996041437532269 0.003997890762980377 -0.7749375379720993 -0.42577702692449787 0.008243518620878503 0.9047905656803031 49.558720803768
0.8901978787711369 -0.028069824184184446 0.454708501791678 2.0887754003752725 0.030774612961701683 0.9995252923212307 0.00145368745469128 -0.7795616634618269 -0.4545334529255485 0.012699408664471732 0.8906391329776339 50.17534902357013
0.8751459459102751 -0.028680205477040956 0.4830083013475038 2.4260848067676495 0.030151573672729387 0.9995341934250284 0.00472004017300758 -0.7883821826457238 -0.48291868462699356 0.010432736360678374 0.8756030505030027 50.77360789476533
0.8579176406788335 -0.027560335140276324 0.5130475121653122 2.783289939424904 0.025876123714271605 0.9996107664732956 0.010427932306686849 -0.7943492218037984 -0.5131352141819793 0.004329373814377534 0.858296865011629 51.37414679139646
0.838288341897188 -0.028023957779058375 0.5445064863063224 3.094147529778869 0.023834554006702643 0.9996070647931389 0.01475228968486115 -0.8186179637730978 -0.544705948080763 0.000611396795758599 0.8386268874293241 51.912792814027085
0.8179790368634157 -0.021855168587596445 0.5748327120632599 3.4570204870880605 0.019652374598764864 0.9997564040696271 0.010045730157510003 -0.8322213285907719 -0.5749122362801358 0.0030796311102611537 0.8182092864589102 52.4402109157985
0.7964501641832552 -0.014782275320919556 0.6045234654740862 3.835663069267893 0.016595975110315596 0.9998589373259069 0.0025843876730563616 -0.8356402703770559 -0.6044763929076155 0.007974320400090574 0.7965831410666158 52.961196624467526
0.7740338208505699 -0.012336836924651961 0.6330240490172222 4.2285026845833125 0.015156601256620352 0.9998846773320333 0.0009536639672275039 -0.8474396592973695 -0.6329628121918489 0.008856324932444525 0.7741315417232902 53.46623183848529
0.7508654260177712 -0.014711428232405947 0.6602913643918947 4.6474927525328535 0.01609521879550667 0.9998625657915922 0.003974098712611006 -0.8577928773542591 -0.660259082438912 0.007643520655789594 0.7509990150785231 53.96602925268775
0.7267068451607336 -0.014910644670653738 0.6867858719222719 5.085762508005676 0.016283446184903953 0.9998573895877583 0.004477707794847414 -0.8716117596485345 -0.6867546946158252 0.007929259880853204 0.7268460058780455 54.44189700115955
0.7022926771029624 -0.013486150038111454 0.7117605773325042 5.541347129473224 0.017542876949344453 0.9998447748581076 0.00163513219021 -0.8852747817447448 -0.7116721458339454 0.01133798686225792 0.7024202494931503 54.88659833708165
0.6771117439707858 -0.011229192158382223 0.7357945307083403 6.031050025755535 0.017773605279958853 0.9998414349949898 -0.0010971884576379738 -0.8929652547526924 -0.7356655389048687 0.013820640745977728 0.6772039609727486 55.32380105234493
0.6503670945484946 -0.00900042728048523 0.759566741397564 6.508717942541756 0.016353331353599548 0.9998639541463294 -0.0021544726747017937 -0.9050901046069167 -0.7594440143171759 0.01382264474097746 0.6504258017715612 55.749800221213185
0.6228228241293743 -0.007048084045009124 0.7823311666134749 7.008003745108608 0.01585761844476071 0.9998677195247969 -0.003616543867060119 -0.9149806804197178 -0.782202189769863 0.014658375202470403 0.6228522026577854 56.160941195403986
0.5944959863142365 -0.0006497590393469169 0.804098314927627 7.5076281751407015 0.014686788385504633 0.999841630426671 -0.010050488180003012 -0.9322116507450858 -0.8039644398250333 0.017784596675992765 0.5944113791120524 56.542732783999554
0.5643292215907761 0.008801831091820294 0.8255029118229537 8.005622227789702 0.013879400248263122 0.9997006772131357 -0.020147412447917786 -0.9468556403860767 -0.825433154112127 0.022827258903098554 0.5640381408588216 56.90513916916559
0.5351377321857321 0.016735393034191238 0.8445990375385816 8.53699361911286 0.013613448284694105 0.9995030744979965 -0.028430232057664984 -0.9624954975590226 -0.8446551258454007 0.02671199522768676 0.5346439821919312 57.227936224692776
0.5022944637529598 0.021725061583034454 0.8644236770139601 9.019559009117142 0.010726233501180122 0.9994508692439082 -0.03135136173238435 -0.9914543572356651 -0.8646301056509673 0.025019625632893467 0.5017856103309326 57.55324708650307
0.47051069812384677 0.021458575241490904 0.8821333303416274 9.549978299577369 0.00864476531279858 0.9995441845452913 -0.02892561450298748 -1.018482449227701 -0.8823519428117648 0.021235646688862707 0.47011072772912754 57.846987172143955
0.43814328011865333 0.019581477159282254 0.8986918447605516 10.094753701677549 0.003725297675723332 0.9997145672701944 -0.023598858976527453 -1.0525681308081094 -0.8988974292120848 0.01368757611951057 0.4379452728548153 58.12699165652955
0.40462801320611735 0.02095753345725628 0.9142411895775937 10.651199256559966 -0.0008386831857647417 0.9997454459195613 -0.022546396022644587 -1.077723519197906 -0.9144809826012702 0.008356144714167943 0.40454259022522254 58.387467545191974
0.3710109036233255 0.024100687385828826 0.9283157147544847 11.24074771169694 -0.007585855500298655 0.9997084666423524 -0.02292240214119011 -1.0952915489711605 -0.9285975254053471 0.0014623922608355826 0.3710855659008359 58.61980134068452
0.3362646422979555 0.026110864980937332 0.9414054987465132 11.830521090487977 -0.01226826473001833 0.9996522074840543 -0.02334424453194142 -1.1176276924376434 -0.9416876233766408 -0.0036995678396680967 0.3364680269759037 58.84213242311759
0.301194855567406 0.02615120220023348 0.9532039517349936 12.454483647499687 -0.014909020532920496 0.9996308306291912 -0.02271395083066467 -1.133054454776404 -0.9534460551528241 -0.007370012148670905 0.3014735524626497 59.038021620300384
0.2658980564662971 0.02532310895766302 0.9636684926468023 13.085571944423362 -0.015502933260211951 0.999637968629935 -0.02199069652698482 -1.1585600218351184 -0.963876487226335 -0.009092404859607231 0.26619437549672903 59.2186232695625
0.23088000365485364 0.024746297756496272 0.9726674892581109 13.730413952018512 -0.014617084165270758 0.9996519187455287 -0.02196320101633079 -1.180341690629502 -0.9728724298503089 -0.009146698624385937 0.2311613573706347 59.38137491991237
0.19657709508696497 0.023497186538701885 0.9802067781401693 14.387659995490651 -0.011852210417375204 0.9996967070753134 -0.021587472547592017 -1.1992662881869114 -0.9804167332289857 -0.007374014343379904 0.1967959682439424 59.52132889751291
0.1629830761676103 0.02180561464504399 0.9863878709984678 15.051529338773749 -0.003052430177806194 0.9997620997201688 -0.021596912583166098 -1.2265201510941888 -0.9866241430012527 0.0005090511440689543 0.1630108625643699 59.62975587180127
0.13108840245286357 0.025356488181188325 0.9910463557520751 15.708103073034367 -0.0008026046851918646 0.9996752367012621 -0.025471100329408858 -1.2520652644332597 -0.9913703579228499 0.0025435474025294245 0.1310661809870702 59.71215580071905
0.09887051900389901 0.029564037500415967 0.994661041842179 16.339018892742782 -0.00021053948720596281 0.9995591713549344 -0.02968869537984133 -1.2869931758493545 -0.9951002844663588 0.0027259212950600945 0.09883315844426373 59.78897583447636
0.07064906153474436 0.0328343861242046 0.9969606878869908 16.988088413528423 0.007126450775900195 0.9994159793591875 -0.03342026183097031 -1.315440903921078 -0.9974757760485227 0.00946590140233778 0.07037380838808187 59.83401463824003
0.04609167274503764 0.0309997188733323 0.9984560957464951 17.649696397310983 0.009291813711425151 0.9994618241991499 -0.03145988185700713 -1.3425494800731337 -0.9988939983309134 0.01072750661986499 0.045778823709266746 59.86752034335205
0.024243310347567246 0.02789707059891757 0.999316774279 18.338625091721454 0.01102842066171112 0.9995422820146337 -0.02817091412582257 -1.3697130873135699 -0.9996452549985432 0.01170384197498098 0.023924553118600655 59.8887401719459
0.005297730710367571 0.025213416923184368 0.9996680537340249 19.03686773070477 0.011600058635088102 0.9996132693968802 -0.025273509557246675 -1.3986653727078813 -0.9999186830382684 0.011730100286680461 0.005003204801073467 59.9052485395079
-0.011313167383097072 0.02861085464857003 0.9995266035679269 19.728333191396725 0.013223333028188032 0.9995074464794391 -0.02846063765579401 -1.4261938594491306 -0.9998485663876252 0.012895093191883958 -0.011685925901914489 59.90693271825507
-0.026121226178381137 0.03252383477012342 0.9991295620262564 20.42077079750248 0.016807175064131458 0.9993436151586909 -0.03209139616657999 -1.4581178074813756 -0.9995174837937066 0.015954278843078533 -0.02665071438622118 59.89427146716639
-0.03744903670551137 0.03783754426820558 0.9985819394989958 21.133949921988552 0.02137747880184211 0.9990845503883657 -0.03705488598485991 -1.4868970195397317 -0.9990698539391072 0.019959494458177192 -0.03822362529991219 59.86818552141236
-0.04589584056282602 0.04170294957067815 0.9980753657996636 21.86995441009702 0.026518765674374098 0.9988269607308458 -0.04051490570501845 -1.5142735920191273 -0.9985941752714872 0.024608261098351444 -0.04694791368715173 59.82554080894182
-0.051230439070544274 0.047456420976588656 0.9975586851011459 22.581383181805 0.03044744358086952 0.9984802357602802 -0.045936608227886346 -1.54786247081179 -0.9982226181028114 0.028019759174297727 -0.05259750758149612 59.78288014234011
-0.054307070659625215 0.051910995383806405 0.99717400218549 23.286330902973287 0.03243461119463375 0.9982124488842774 -0.0501986343350446 -1.5884417092445844 -0.9979973637605591 0.029616810272433704 -0.05589370694687791 59.74073819022955
-0.05648227692733411 0.05634073967187933 0.9968126571459275 23.95847182825465 0.03408570449964128 0.9979333100239793 -0.05447268575482566 -1.628712997815927 -0.9978215858267797 0.030900320351199304 -0.05828595937553424 59.70202103257207
-0.05978082816019922 0.05884252830239047 0.996475694358602 24.63392492362931 0.03454303832938409 0.9977851152460332 -0.05684753553525204 -1.6776072840177865 -0.9976136682541283 0.031022905351365714 -0.06168102022587681 59.673589467129595
-0.06251579912933021 0.06181641468600051 0.9961277557294469 25.316857307509867 0.03577835941991347 0.9975773046128412 -0.05966096142868273 -1.7288058129539159 -0.9974024683428668 0.03191006419210214 -0.06457603229384298 59.64039777676627
-0.06497827130049637 0.06543458900603057 0.9957389913126862 25.961127237645847 0.03715372451908183 0.9973145306668848 -0.06311360926968808 -1.7810540152753038 -0.9971947778709846 0.03289439895026207 -0.0672349128395513 59.61949080263898
-0.0667545795161945 0.06643741589184111 0.9955550692368682 26.66848109593596 0.04020556822604162 0.997149414513265 -0.06384792415944009 -1.8366816470972034 -0.996959045496474 0.035764715928740747 -0.06923544393805571 59.56830239279387
-0.06785161975798461 0.06513760029800436 0.9955667987250428 27.363443672695176 0.04034777536919573 0.9972292825581799 -0.06249652015312946 -1.8906886692687426 -0.9968792377810755 0.035928415438361595 -0.0702917793565796 59.5227149843199
-0.0707002940970679 0.06459262936926895 0.995404069032143 28.168786431239607 0.03963483190202448 0.9972950640063435 -0.061900205239375575 -1.9532298745242624 -0.9967098617525008 0.03507631023558902 -0.07306917233396523 59.477108665681335
-0.07273458044479453 0.06597692850158009 0.9951666823768832 28.947290382295677 0.03984468113909321 0.9972051806202467 -0.06319991399567061 -2.012035110598066 -0.9965551074538962 0.035055279910935405 -0.07516013010847328 59.42928128869846
-0.0756946158592311 0.06855185848770745 0.9947718169649762 29.841229956653788 0.038546364028079066 0.9970894487423418 -0.06577848452877579 -2.073049774451538 -0.9963857199649848 0.033365759463399355 -0.07811672769191451 59.37757021283006
-0.07848983041201807 0.07084249189546912 0.9943946338672228 30.597838416509372 0.037193207652953024 0.9969855746091828 -0.06809133076740789 -2.1340474085975623 -0.9962208649824494 0.031640249101945205 -0.08088808818602591 59.32738407376604
-0.08166212235939703 0.0746604991550986 0.9938597021902364 31.307020948563697 0.0341118561954064 0.99681537974503 -0.0720796779312344 -2.190280370294032 -0.9960761411853342 0.028016219760678324 -0.08394886772112538 59.28683930781301
-0.08498773556087347 0.07886870821663977 0.9932556627920472 32.00583682639287 0.029908028935443566 0.9966150547393274 -0.07657638325305524 -2.2491013486756053 -0.9959330271707204 0.023198265692960858 -0.0870588643356177 59.25381086488333
-0.0877300963296709 0.08147935319338216 0.9928063986503964 32.71437376305732 0.027706274046283858 0.9964632086415401 -0.07933118051733043 -2.309436049812976 -0.9957589028356522 0.020547234047181933 -0.08967730257178691 59.20395534385358
-0.0906921609760437 0.08000945391001311 0.9926597701239394 33.42402239682725 0.026108401382868768 0.9966158951022833 -0.0779429856157737 -2.371424877189004 -0.9955366810493368 0.01884794191660455 -0.09247416812700877 59.15346383516227
-0.09413703059622014 0.07552884642140689 0.9926900890150828 34.154141755416525 0.022858830222768835 0.9970191482138984 -0.0736905148284003 -2.436418456523798 -0.9952967865673912 0.015754727959570097 -0.09558292313769946 59.10500816832173
-0.09659386001363489 0.07418565857897982 0.9925553456955761 34.890748757816716 0.023147902559784914 0.9971161759325875 -0.0722738286010328 -2.495306620052583 -0.995054672274218 0.015994366344818548 -0.09803254271148484 59.04134029753746
-0.09891261812726038 0.07449998831278559 0.9923034040637979 35.60592720910748 0.0222116530856548 0.997110365204561 -0.07264683109967751 -2.5595484742175674 -0.9948481976876751 0.01485501070406265 -0.10028156467950268 58.98456217344491
-0.09983321478767765 0.07752971493562591 0.991979068593261 36.35766232223038 0.023215873764609197 0.9968697843168258 -0.07557550080195621 -2.6159422793931917 -0.9947333071886681 0.015484715629348493 -0.1013206353680011 58.900789049041435
-0.10028521430525549 0.08024779021700887 0.9917172822720351 37.06621301246844 0.02433734842622744 0.9966417444650404 -0.07818520743246113 -2.6814814784594656 -0.994661032343849 0.016294948756101386 -0.10190144936018831 58.83440151524367
-0.10025375115911657 0.08073372611505941 0.9916810227316545 37.79057476109028 0.023535592508240794 0.9966160455128276 -0.07875616618180828 -2.748563837651994 -0.9946834980353361 0.015444199362531361 -0.10181461310754365 58.76897350968147
-0.09960438081668584 0.07957396485875293 0.9918401844242744 38.52044165176289 0.020911487887594594 0.9967443884976086 -0.07786741085238007 -2.814580744370556 -0.9948073567261411 0.012984918759269156 -0.100944117651124 58.69939552748347
-0.09905655505730404 0.07871443179754374 0.9919636269173205 39.25688250811449 0.016520494625850472 0.9968591066700695 -0.07745317750916193 -2.8811083590329076 -0.9949446578365536 0.008715484825226718 -0.10004583033172874 58.62544252965905
-0.1000546334203078 0.07957516921473852 0.9917947684756006 39.95437508418675 0.013112050198716314 0.9968156438864306 -0.07865523658895607 -2.9510488378141235 -0.9948955445023936 0.005134641927580183 -0.10077941745000178 58.58112445984497
-0.10072483038672143 0.07930935506464577 0.9917482214467505 40.6523669884469 0.009265062272758053 0.9968492634214815 -0.07877629489338188 -3.019608924096825 -0.9948711811911367 0.0012538800889702402 -0.10114227909274505 58.53074517064747
-0.1017497918112512 0.07943466043258525 0.9916335586235087 41.3777199554915 0.005231096626232051 0.9968359060099603 -0.07931463999405106 -3.0766194349076454 -0.9947962683356093 -0.0028829171440058242 -0.10184337629069012 58.47252047090225
-0.10218772305582284 0.0739422671265353 0.9920132107935111 42.09998553155245 0.00521672394859391 0.9972597170572046 -0.07379595196368263 -3.143287657484934 -0.9947514539059037 -0.0023659812278384157 -0.10229343617710411 58.41540543617168
-0.10263545304709977 0.06497834902615976 0.9925944680158395 42.87122790019096 0.007977381553877772 0.9978858293876376 -0.06449986737108501 -3.2064895376640457 -0.9946870488557491 0.0012983316905204822 -0.10293682127140576 58.34460425356283
-0.10181579968437131 0.06016840309543867 0.9929820271301857 43.676157405743744 0.01353441644341922 0.9981606418901011 -0.05909443758149861 -3.2569594862808007 -0.9947111955267051 0.007422684856751146 -0.10244286819173719 58.26069911318158
-0.10091379651544154 0.06226588087030928 0.9929447949167568 44.439499343515315 0.02239334360996858 0.9979289242354428 -0.06030257321419412 -3.316080836859697 -0.994643123856394 0.01614999237560433 -0.10209913766267713 58.18837088383619
-0.0991028003324514 0.06794596130153939 0.9927547437857306 45.223601002222296 0.027775844628403733 0.9974661998447231 -0.0654956687308467 -3.3692918082866283 -0.9946894678347835 0.021083797336626985 -0.10073895010582173 58.1088883515471
-0.09906966731278108 0.07371234208284479 0.99234655823618 45.98888497675009 0.030610691234794138 0.9970063346652795 -0.07100249445919195 -3.4270935081951173 -0.994609564905075 0.02334222058762626 -0.10102947162771798 58.05230173230103
-0.09898816551080465 0.07852894079742892 0.9919851554060852 46.75175575177368 0.031176566498021797 0.9966365867088856 -0.07578611835060259 -3.4857607513284385 -0.9946001029510302 0.023424762335854964 -0.1011034901440548 57.99917812647166
-0.09899243181235061 0.07577439296112065 0.9921989416519483 47.513860265006535 0.028226648881496254 0.9969090930315185 -0.07331791407282913 -3.548779749345441 -0.9946877674611251 0.02074853253712091 -0.10082531259935898 57.9353776926416
-0.09844959779774584 0.07065813397014456 0.9926303968735365 48.34573462315932 0.027619568476052174 0.9972858516011128 -0.06825019877945088 -3.6218213404734505 -0.9947586823600276 0.020696818598403614 -0.1001339381490925 57.8556531930212
-0.09853740289320871 0.06825792148369625 0.9927896234277342 49.16321628095328 0.025804238160978304 0.9974846152615269 -0.06601956989779535 -3.68883144279976 -0.9947987341789256 0.019112782928819044 -0.10005088707614301 57.787055143607084
-0.09794334117383355 0.0687553696552507 0.9928140818216024 50.01664895238666 0.024157943622183032 0.9974808907491631 -0.06669532480015491 -3.756455859388922 -0.9948987363946405 0.0174519836643518 -0.09935759954088061 57.7097958861225
-0.09809011889127191 0.07427944534674948 0.9924015782811265 50.81909867243993 0.024507502470641977 0.9970884622109284 -0.07220790018060183 -3.816449277232512 -0.9948757263591002 0.017238402617987397 -0.09962492949374088 57.64443954402338
-0.09751354834964755 0.07726305402775038 0.9922305822592656 51.585077578532754 0.024337324256458473 0.9968689860090605 -0.07523243569962447 -3.877730786177369 -0.9949365821680779 0.016812055661558672 -0.09908860806437832 57.58312617357769
-0.09670814567697217 0.07637164578688245 0.9923784088136541 52.36109171025719 0.02509132662743394 0.9969220030850022 -0.07427614080616429 -3.942023448505628 -0.9949964622488845 0.017716982948148594 -0.09832674421243869 57.51016495493128
-0.09642454836692697 0.06907086265670541 0.992940845369999 53.16025846465853 0.026826579324634964 0.9974072607560581 -0.06677642422914455 -4.015716185639712 -0.9949787138999368 0.020198319805132762 -0.0980274796323798 57.443155060460874
-0.09544117172808868 0.06804731770979473 0.9931065125612999 54.001829913404826 0.026073365890506787 0.9974893613581519 -0.06584188308699128 -4.073024418715458 -0.9950935445124282 0.019609602999647653 -0.096975776046842 57.35625859375758
-0.09518990638393028 0.07103245812998488 0.9929215838195009 54.80038602257736 0.024162490231885426 0.9973218732477179 -0.06903082794992228 -4.136403881707257 -0.9951658433589907 0.01742042001990674 -0.0966512968248109 57.29296438449581
-0.09382029348208076 0.0743720015147164 0.9928074123019162 55.598860154743285 0.02406804860794984 0.9970839345925309 -0.07241792881378047 -4.1964086780797984 -0.9952981872620583 0.017100665722940216 -0.0953366963172679 57.21395749836858
-0.09314624343720758 0.07381014524799005 0.9929128057347247 56.394772548569726 0.02326816021741716 0.9971374182040551 -0.07194137847888873 -4.261672943988258 -0.9953805152069388 0.01640218509275611 -0.09459703098168677 57.14507116658241
-0.09341854910739822 0.06963768375611377 0.9931885861626423 57.19180168998221 0.02254395795028416 0.9974431434418415 -0.06781552595674017 -4.3342777345231935 -0.995371661562957 0.01605517368131703 -0.09474960029181446 57.093847576786665
-0.09405695251678783 0.06873947400570884 0.9931909053131072 58.00958769983463 0.02326243537971407 0.9974928800649203 -0.06683422267065446 -4.397157358826979 -0.9952950059070208 0.016817815946333976 -0.09542018802819566 57.04356734464662
-0.09275458090660835 0.0694701674368985 0.9932625451294965 58.83556096100483 0.02433027753978093 0.997423308166991 -0.06748912445756232 -4.45672185634726 -0.9953916944176667 0.017906427938053037 -0.09420580938998908 56.968094221868554
-0.09126312805922907 0.07021833054921332 0.9933480898012148 59.65481506539573 0.02730819709989075 0.9973122243013477 -0.06798962884328091 -4.514088615700349 -0.995452311177183 0.02092159922126615 -0.09293536925211385 56.89340799084844
-0.09092255015369552 0.06981102836960404 0.993408028048658 60.47668335839978 0.026898813157778253 0.9973480743534724 -0.06762597455207416 -4.576834291794231 -0.9954946226495898 0.020572770873013572 -0.09255926411956374 56.834411985237345
-0.08940007471667333 0.07073356959641038 0.9934809453496324 61.30852877771887 0.028024977115661397 0.9972587423559347 -0.0684806648063526 -4.640267068999464 -0.9956014399840515 0.021720104207933057 -0.09113731274772689 56.76790487897944
-0.08815022999563636 0.06893808809402147 0.9937188118183401 62.15284809582319 0.028618742657690478 0.9973657432531965 -0.06665239495837592 -4.7053877180567065 -0.9956959900092021 0.022563559004193746 -0.08989094106001626 56.69842397299997
-0.08661686072189048 0.06805163732124181 0.9939147318037796 62.993024115119994 0.027249284198812073 0.9974528246402105 -0.06591918634140556 -4.771006909003973 -0.995868965250616 0.021373752014072996 -0.08825059079408058 56.624664899995324
-0.08485078635566948 0.06744232178338985 0.9941085842538968 63.844475890400844 0.02889510653628938 0.9974535819022314 -0.06520295061314217 -4.834979835247995 -0.9959746065402855 0.02319235181842087 -0.08658347385067153 56.555119075327084
-0.08330122625697363 0.06827540608927986 0.9941827672150757 64.69540024993084 0.026409675380822995 0.9974510311991676 -0.06628702290789522 -4.902442517487128 -0.9961743997666068 0.02073425385820655 -0.08489202534148751 56.49988808955519
-0.08071764587871481 0.07165235912891287 0.99415823744264 65.51072230100746 0.026577696548723193 0.9972128647375922 -0.06971462147931397 -4.957343435244706 -0.9963826010574238 0.020795235827027917 -0.08239702953951833 56.42428416333831
-0.07977491698571941 0.07034667504596695 0.9943275657095582 66.36280179701957 0.024235233051924095 0.997348732797452 -0.06861602339272654 -5.02460086347444 -0.9965182467465588 0.0186239227148782 -0.08126828042889842 56.3715401357287
-0.08018518133945322 0.06881325459174495 0.9944018667953352 67.22458838041612 0.020112400308730575 0.9975227966348343 -0.06740742946912469 -5.094573984573495 -0.9965770557500188 0.014594731457128701 -0.08137054606130072 56.32520010511295
-0.08045527964282881 0.0697551490520362 0.9943144206730177 68.08733542589394 0.016745731239505995 0.9975020582289412 -0.06862378825360589 -5.1610189653161775 -0.9966175437261995 0.011129375982060409 -0.08142240801770609 56.27197642395545
-0.08049739598501791 0.06917028463447651 0.9943518697941958 68.94415450607544 0.014118072898540342 0.9975682767258013 -0.06825110466462198 -5.226914906545904 -0.9966548295459461 0.008544295985950615 -0.08127819971457333 56.209441284221874
-0.0811176957397087 0.06707328608754319 0.9944451185114719 69.80449197620172 0.011848378702364621 0.9977275111405352 -0.06632819487543277 -5.288378858000786 -0.9966341030488578 0.006402172031971502 -0.08172806637421426 56.15268999951663
-0.08252929787201661 0.06556342115730077 0.9944296620671063 70.65895384762418 0.01021697352013765 0.9978368564392803 -0.0649401369220735 -5.3564451085315214 -0.9965362654940547 0.0048005976210872565 -0.0830206348906101 56.097615175268594
-0.08440587419573757 0.06534430645492519 0.9942865633282864 71.52624402462335 0.008066086478996436 0.9978595377777028 -0.06489438431002072 -5.420697197488333 -0.9963988090369049 0.002542534166628148 -0.08475227943745937 56.04327456006791
-0.08531242069644451 0.06563777695602477 0.9941898576786931 72.38812557354275 0.008038658261352949 0.9978405558011777 -0.06518899578723035 -5.486950356561694 -0.9963218209234737 0.002430521479402775 -0.08565583294247076 55.9734950324693
-0.08788005953408352 0.06415970925261508 0.9940626875830827 73.26827217808352 0.007268123970907809 0.9979383266307738 -0.06376731619967028 -5.556754927381425 -0.9961045474799448 0.001621095304251439 -0.08816520027644374 55.91193336021094
-0.0916186471126084 0.05884410022242897 0.9940540203481218 74.16112221456167 0.004055983757320505 0.9982662745541079 -0.05871962264538918 -5.626446428425449 -0.9957859069584244 -0.0013479454253028525 -0.09169847624750964 55.85333691222924
-0.0956315378191461 0.05910165185680947 0.9936607085530442 75.03455818462535 0.0027707929820415702 0.9982477591036932 -0.059107818016734696 -5.690458674611832 -0.9954129453049084 -0.002899343416285888 -0.09562772676979688 55.78404629125211
-0.1008666111046832 0.06514107702399581 0.9927651116192623 75.88252918942689 -0.002211123845634723 0.9978370678136317 -0.06569853140235886 -5.756520398650662 -0.9948975011002854 -0.008821914828526718 -0.10050440847625917 55.71572882301107
-0.10779708727168447 0.06844235165908995 0.9918142126805353 76.75575511790235 -0.0018417933267461464 0.9976120109484342 -0.06904262023385374 -5.824843707056394 -0.9941712104929809 -0.009269310157101956 -0.10741361234093877 55.63369046621839
-0.11663081161722377 0.06449335680192331 0.9910791394787419 77.63174063024316 0.0007405292308648196 0.9978947660581924 -0.06484973006973067 -5.896684412044518 -0.9931750628151926 -0.006829553578306766 -0.11643303568985743 55.54279419321212
-0.12822800865172834 0.062083530777744145 0.9897995822404541 78.52340493193891 0.0029200015208386996 0.9980579852424122 -0.06222324071412697 -5.968158542582733 -0.9917404153246585 -0.005088545963162617 -0.1281602719708831 55.45220235930802
-0.14186241836166028 0.06322431373284791 0.9878652440538578 79.39504320100149 0.003127527642983701 0.9979818560713102 -0.06342265780695559 -6.033183305352568 -0.9898814438241678 -0.005907715757098709 -0.1417738553722451 55.353094002235224
