1.0 0.0 0.0 0.0 0.0 1.0 0.0 0.0 0.0 0.0 1.0 0.0
0.9999997564583892 -0.00034987476721939724 -0.0006038797971415991 0.011993923299446594 0.0003508557071467051 0.9999986180470193 0.0016250551757100822 -0.012407645078637147 0.000603310396806802 -0.001625266654614788 0.9999984972613041 0.8433359827914039
0.999998007656182 -0.0016340305777828937 -0.0011465721685869781 0.013525330403914711 0.0016357805703282448 0.999997496231287 0.0015270078855484392 -0.02503853799769976 0.0011440741202559362 -0.0015288803836999265 0.9999981768079278 1.6677093614401413
0.9999932928908283 -0.003455426361910912 -0.0012141672106813451 0.011158696367117239 0.003455978110900493 0.9999939256558531 0.0004526220194288993 -0.04094529736504175 0.0012125958333519446 -0.00045681511894702726 0.9999991604652935 2.5458823243464392
0.9999900151666783 -0.004282498813509464 -0.001276624791684512 0.01234886837093929 0.004283671912239992 0.9999904040432056 0.0009175927496217662 -0.05859851018265424 0.0012726829513846616 -0.000923052229373876 0.9999987641255796 3.440798086920262
0.9999880146387459 -0.004623786890089247 -0.0016097122895191937 0.015465557315352305 0.004627040317204007 0.9999872482953813 0.0020233004060821926 -0.07372506783686195 0.0016003364530492255 -0.0020307243597587816 0.9999966575353196 4.284372445969474
0.9999775447700796 -0.006468867209948828 -0.0017503464298773612 0.010071321726350852 0.006474359673628856 0.9999740776279855 0.0031506727654309263 -0.07949758305514215 0.0017299197730025018 -0.0031619343886902284 0.9999935047531561 5.090625853200621
0.9999793012146371 -0.006054638902372057 -0.0021768073063629513 0.005134558379582116 0.006062518919130316 0.9999750276349855 0.0036317999344232903 -0.09451421436141955 0.0021547637091657644 -0.0036449216960542643 0.9999910357294145 5.979829082856285
0.9999843311847779 -0.0050340535799738365 -0.0024486097051716876 -0.004842103266804866 0.0050381916329805725 0.9999858856705475 0.0016867379041916092 -0.10796767635660331 0.0024400840157005827 -0.0016990480399362703 0.9999955796031073 6.8682460329687265
0.9999954134208855 -0.0022223317390860043 -0.002057760636093065 -0.018153904946308832 0.0022205880760522126 0.9999971738716933 -0.0008492568632999877 -0.11676019620682221 0.0020596421510774964 0.000844683529384122 0.9999975221889028 7.680824949839828
0.9999978866883018 0.0009079332789807082 -0.0018445259808546669 -0.025318687590924104 -0.0009104383359739904 0.9999986638510654 -0.0013577179809085881 -0.1362035222295579 0.001843290798953025 0.0013593944387917467 0.9999973771594557 8.546695323200687
0.9999936457957883 0.0033540290050882407 -0.0012078317284936134 -0.03077277699370819 -0.0033555490969219984 0.9999935779492151 -0.001258709887031505 -0.15420329156702317 0.00120360222226497 0.001262754827597383 0.9999984783948104 9.397460911455216
0.9999925607897983 0.003499789964273273 -0.0016216766850061163 -0.036949349234918036 -0.003499959660264087 0.9999938699391259 -0.00010181621631962248 -0.17586876859950243 0.0016213104086553723 0.00010749126186668872 0.9999986798982226 10.2743216255985
0.9999983360721287 0.0008105713645500071 -0.0016342665149785833 -0.02354021190271032 -0.0008062300775881466 0.9999961496157632 0.0026553242181063187 -0.18886426005393941 0.0016364125521974437 -0.0026540022050194007 0.9999951392013137 11.196440640582631
0.9999923105127683 -0.003674451062616421 -0.0013701550017587002 -0.02903456915010639 0.003680823118646146 0.9999822863139094 0.004677456527771648 -0.20728479623084126 0.0013529436461523824 -0.004682463858736263 0.9999881219673071 12.104812604980875
0.999980900266733 -0.0059451568765011955 -0.0016894411658147446 -0.023877711559320385 0.0059493247530148004 0.9999792452020794 0.002472791955674251 -0.2203820348036505 0.0016747049657034043 -0.0024827957601542693 0.9999955155341902 13.030334802512666
0.9999713400876051 -0.007284636101576657 -0.0020622997531005026 -0.02221674423468231 0.007286055057199513 0.9999732242096314 0.0006813703039237407 -0.2345452749478112 0.00205728099867822 -0.0006963768054563125 0.9999976413243368 13.935238884188362
0.9999857767895762 -0.005050991135131767 -0.00171280679155221 -0.02933717921724164 0.005049458573115766 0.9999868482732795 -0.0008979134617656312 -0.25343682591086636 0.0017173196181189561 0.0008892519436155625 0.9999981300204065 14.822053693515107
0.9999971273368251 -0.0022954411499412097 -0.0006901217485505144 -0.04028369346932662 0.0022960548929894906 0.9999969681424485 0.0008898527035210767 -0.26462897546768677 0.0006880770516847289 -0.0008914347046917445 0.9999993659468679 15.69101490138137
0.9999983128719865 -0.0016663252847510944 0.0007730544800021502 -0.05657294423258616 0.0016625495392293627 0.9999868110409897 0.0048593901979691705 -0.28014017253069945 -0.0007811416089755535 -0.0048580967581865545 0.999987894283563 16.555587769607737
0.9999920105172843 -0.0037751690660474463 0.0013141537676693465 -0.05891741903720418 0.003765993938964735 0.9999689953713554 0.006915604503501392 -0.2920589766253153 -0.0013402205990163348 -0.0069106001562750504 0.9999752234001729 17.469981483785407
0.9999638521267704 -0.008458766294373272 0.000862387714655052 -0.05690879921728873 0.008454130343254242 0.9999505094436099 0.005244649044420207 -0.3073966850008749 -0.0009067082951718863 -0.005237168723365505 0.9999858748721554 18.37815464634222
0.9999604994618313 -0.008850831177155728 0.0008138203248587787 -0.06098693720297643 0.008848485515120094 0.999956812529316 0.002842073238675254 -0.31995312826110484 -0.0008389398884478802 -0.002834759897896596 0.9999956301485445 19.283316178211305
0.9999653077854043 -0.008166583904986932 0.001640162482126861 -0.06464241824220734 0.008166776682170246 0.9999666451767042 -0.00011087229205941585 -0.3302472362677736 -0.0016392023269231404 0.0001242632863678533 0.9999986487862706 20.163923783660707
0.9999853044373817 -0.0048949023295420165 0.002330416371464852 -0.06971344788914127 0.004897269711590197 0.9999874969913268 -0.0010112420021252471 -0.3489954388617206 -0.002325437303418701 0.001022639818866229 0.9999967732693685 21.057578083117704
0.9999900156296322 -0.003865534554481847 0.002241937478740049 -0.07090055742686963 0.003872777850518259 0.9999872663948035 -0.003235527771931139 -0.36742108164106485 -0.0022294018863908338 0.0032441779930331427 0.9999922525081772 21.964285751515312
0.9999934917667286 -0.002963813887785891 0.0020572387869231034 -0.06678146743248344 0.002969675257252216 0.9999915236381572 -0.002851960851330024 -0.38068534742628757 -0.002048768667846047 0.0028580516212270038 0.9999938170248234 22.85050115958897
0.9999912089870527 -0.003955294902178412 0.0013919737251134364 -0.07035177445995454 0.003956725682505804 0.9999916451409792 -0.0010266304625201066 -0.40531040129817736 -0.0013879014691362975 0.001032129095585645 0.9999985042184023 23.752145451053714
0.9999963445757363 -0.0026993511211006772 -0.00015600863019634098 -0.06529027317428507 0.0026994301300422648 0.9999962272617566 0.0005084675228847755 -0.4212287995992113 0.00015463550923675576 -0.0005088867986174721 0.9999998585610328 24.695323643899773
0.9999999783638099 0.0001682046368413395 0.00012239110244286112 -0.0728591351966617 -0.00016826258052242554 0.9999998737075124 0.00047357434399324176 -0.43407211970311466 -0.00012231142958715632 -0.0004735949275899528 0.9999998803738724 25.636564874555205
0.999993845601297 0.0034974839859103265 0.00027634272176773467 -0.0776750238180201 -0.00349736000425015 0.9999937839241151 -0.0004478684253006683 -0.4460934884386406 -0.0002779074166476108 0.00044689919895689263 0.9999998615242774 26.581713279561196
0.9999817834562634 0.005996882101766089 0.0006856826453706923 -0.08927801142751471 -0.005996729869562788 0.9999819943974987 -0.0002238563545266621 -0.45832216889041116 -0.0006870127394092851 0.00021974042303670588 0.9999997398637875 27.548888698516002
0.9999755467207782 0.006965596064880828 0.0006216365046934029 -0.09950996448928603 -0.006965456388970718 0.9999757152459899 -0.0002265735194351029 -0.47564108924964454 -0.000623199628021103 0.00022223799700597682 0.9999997811162245 28.479079654557637
0.9999853606453364 0.005407194051805216 0.00020186011143471204 -0.12129582001903284 -0.005407160124956801 0.9999853670502482 -0.0001682401820509988 -0.48643185578471493 -0.0002027668649394216 0.00016714622917756518 0.9999999654738678 29.40656539524368
0.9999875961927389 0.004979368626754337 0.00011553678428623479 -0.1286824711586763 -0.0049792881338447705 0.9999873674058533 -0.0006868175784372542 -0.504661416642339 -0.00011895524266121799 0.0006862337683449906 0.9999997574664036 30.340131374098164
0.9999893598278918 0.00459918787886987 -0.00035735396962530694 -0.14098173194000754 -0.004599235068373926 0.9999894148368517 -0.0001313431831048834 -0.523458310636254 0.0003567461149976164 0.0001329853404993586 0.9999999275235519 31.287023732851893
0.9999870424583415 0.004918057935144081 -0.0013143901883383336 -0.1434643844632766 -0.0049164784317482545 0.9999871913449035 0.0012022420537747187 -0.5442803159406444 0.0013202860488383708 -0.0011957643046617433 0.9999984134949803 32.22570741933438
0.9999828159318104 0.005313500498770688 -0.002476803088287421 -0.14551614130863044 -0.005311256348134446 0.9999854795138954 0.0009117660685357204 -0.560623266933375 0.0024816117933606206 -0.0008985954645600622 0.999996517058484 33.19717576665251
0.9999788376699174 0.005705280007327724 -0.0031263384906569072 -0.1625162184032031 -0.005700879647870169 0.999982749261002 0.001414620671816138 -0.5801125367437546 0.003134355366042473 -0.0013967678556731972 0.9999941124106669 34.119798328850976
0.999968675529868 0.006458920087375961 -0.00457496561142577 -0.16340079353131648 -0.0064499190404179955 0.9999772398304317 0.001979486165585105 -0.5922426225909623 0.004587646827388287 -0.001949916001423852 0.9999875755849049 35.07700791242185
0.9999779903046182 0.004605917927398877 -0.0047753980338848525 -0.17764618502788862 -0.0045902040364668 0.9999840319318904 0.0032963476970417536 -0.6103891222256046 0.00479050448695456 -0.0032743550941025964 0.999983164691026 36.0152269395664
0.9999817813044508 0.003638759867157759 -0.004816273020161852 -0.1955948709918378 -0.0036225147319377204 0.9999877351864332 0.0033774048796595033 -0.6252041006856783 0.004828503514800422 -0.0033598963277800854 0.9999826981755611 36.95981199931867
0.9999858600330404 0.001148973152193622 -0.005192262962759244 -0.20024030030478654 -0.001131906334990213 0.999993951552727 0.0032887149477826495 -0.6498300889560993 0.005196010202808658 -0.0032827912901218607 0.999981112201285 37.94449549343999
0.9999861711854361 0.0005961754225313172 -0.0052251327979066465 -0.20557387183567807 -0.0005771428187487632 0.9999931967500418 0.0036432622463541267 -0.6715409173477435 0.005227269273429191 -0.0036401962164851775 0.9999797121079258 38.91896859978601
0.9999852727655332 -0.0018347520625366385 -0.0051076351581840615 -0.21346171573153597 0.0018595833324173072 0.9999864557285175 0.004861101659554732 -0.6895883227115608 0.005098647062688672 -0.004870528142179428 0.9999751405678781 39.87299052299383
0.9999804082807753 -0.003566142827247004 -0.005144480532307152 -0.2194781900617798 0.003595242158712079 0.999977528667077 0.005658303164572034 -0.7029202256645415 0.0051241866117255576 -0.00567668796197995 0.9999707585351443 40.864816262940764
0.9999839574220444 -0.0038096495150658754 -0.00419183362229083 -0.2307723380440046 0.0038309135437414273 0.9999797766971033 0.005076445432441157 -0.7244089414481576 0.004172409371687826 -0.005092422545366618 0.9999783288815092 41.78902299197942
0.9999796141688198 -0.0053742995664198935 -0.0034479197998744356 -0.24291793889636198 0.005388309070842329 0.9999772132280834 0.004066835372871436 -0.7402874617643402 0.0034259848413292263 -0.004085330924585584 0.999985786248537 42.73724277801601
0.999982960240639 -0.004697755885467393 -0.003465590571128381 -0.24794553706330827 0.004710179213612307 0.9999824795650213 0.003585355597936215 -0.7576574508609273 0.003448686727110398 -0.0036016180570109233 0.9999875673763302 43.69180097998783
0.9999917662507672 -0.00322902692554116 -0.002457807108521786 -0.2596464917371679 0.0032382808126419278 0.9999876484405408 0.0037704779182182197 -0.7804600728958675 0.0024456017760490405 -0.0037784059426495685 0.9999898712889478 44.617482376655886
0.9999980188792557 0.00031766899065566536 -0.0019650251844015015 -0.27863805260609226 -0.0003077342828556295 0.9999871810890413 0.005054004075903824 -0.7930360097411755 0.001966605495290202 -0.005053389357695912 0.9999852977513352 45.571243101097274
0.9999899512974225 0.00433621529820981 -0.0011377790055714058 -0.2901041871441113 -0.004328630975835596 0.9999689447737737 0.006585775724660937 -0.8094195015552313 0.001166301013032855 -0.0065807845207126025 0.999977666259122 46.52401701851127
0.999962348071418 0.00867102364230255 0.000340277077717835 -0.3073029141573994 -0.008673179313039401 0.9999382410172589 0.006949108713329283 -0.8245264627869311 -0.00028000017660715536 -0.006951798350096064 0.9999757967569024 47.461881828843566
0.9999208881823416 0.012537953731040693 0.0010085102251650904 -0.3083701778759551 -0.012544617462296395 0.9998975236354087 0.006897448839755331 -0.838913149756735 -0.0009219269822901775 -0.006909554545022543 0.9999757037581611 48.43542527298919
0.9998853427318162 0.015106278368653832 0.0010496399031216656 -0.3077653935991719 -0.015112787474376355 0.9998646811739637 0.006497922409294147 -0.8556465878451797 -0.0009513384423512008 -0.006513040360042971 0.9999783373955844 49.40271317970057
0.9998521721028796 0.01710186465006124 0.0017776857549727915 -0.3171804269354965 -0.0171124437311712 0.9998348615246059 0.0061166943371939704 -0.861773049774553 -0.0016727853119986266 -0.0061462106665870425 0.9999797127360848 50.39283064452246
0.9998455214613277 0.017454639406493038 0.0020661018642177164 -0.3172443012445118 -0.017466912649740873 0.9998289600022656 0.006079284766229592 -0.8656521197951236 -0.001959636754717251 -0.006114434067991083 0.9999793865474519 51.376204520624455
0.9998602934895181 0.016485965714867237 0.0027579770668392798 -0.3322602433759601 -0.01650235941280214 0.9998456384366201 0.006030873325852998 -0.8836341280034598 -0.002658126570308387 -0.006075543902395325 0.9999780108229515 52.27202281874752
0.9998832572843199 0.015042277079895224 0.002683598842707176 -0.32715545149294883 -0.015056384244186158 0.9998725123451766 0.0053164226722414555 -0.9051959450817748 -0.0026032856140761947 -0.005356207313954649 0.999982266816378 53.19212302615685
0.9998790414137743 0.015219706805230444 0.003203602071534721 -0.3421207996597729 -0.015235929956052672 0.9998709094022253 0.0051020554225069525 -0.9224590593258584 -0.0031255367289953545 -0.005150248141865782 0.9999818528174564 54.11264887535757
0.9998693846482917 0.01579195937179097 0.003439136845803673 -0.3437431697313614 -0.015809276417771048 0.999862183105929 0.005067699062229259 -0.9379713552771822 -0.0033586339769477915 -0.005121407407968354 0.9999812452061143 55.04632164061208
0.9998667423548412 0.016057839364090703 0.0029399536854610338 -0.3411732975251047 -0.016071369099244094 0.9998600914594027 0.004637736739375138 -0.9573930448679973 -0.0028650703292593324 -0.004684367806312697 0.9999849239214881 55.95774947781857
0.9998591251889422 0.016585264986505265 0.002580457658727131 -0.3471367174069605 -0.016597400407708077 0.9998509484121245 0.004754709147142987 -0.9698335879226155 -0.0025012149262781907 -0.004796868217387873 0.999985366882535 56.90322767554589
0.9998693686453012 0.016079085821784994 0.0016457958500357413 -0.3511090998482411 -0.01608832407447851 0.9998539662329492 0.005762988522259515 -0.9862531847119521 -0.0015528919212302599 -0.005788713792258192 0.9999820394983668 57.82619601543881
0.9999043149849521 0.013767793987736521 0.0013448877959954867 -0.3658860253176027 -0.013776638187938015 0.9998819442336467 0.006804545228890505 -1.0027012535419098 -0.0012510454473461097 -0.0068224221684473575 0.9999759444311874 58.73599395015248
0.9999154091022567 0.013001891450596693 0.0003542013153676867 -0.3695966114587361 -0.013004145794047968 0.9998883839632393 0.007356072834058918 -1.0236704233007616 -0.0002585189203311794 -0.007360056662800149 0.9999728809992248 59.65138475874194
0.9999357447250029 0.011322940271296237 -0.0005453850610023686 -0.3720173047098795 -0.011318617804237317 0.9999088122761963 0.007365868814967473 -1.0411310749536606 0.0006287386212164958 -0.007359222513980199 0.9999727228938484 60.55501575595799
0.9999523596948761 0.009721144658801709 -0.0008818657326312209 -0.38836117062222064 -0.009714723720668391 0.9999282078755577 0.007014501963633303 -1.0543882179925539 0.0009499914099130862 -0.0070056007086688795 0.9999750092252472 61.46694743935806
0.9999544690716913 0.009498316092781005 -0.0009174829435988563 -0.3962484450531438 -0.009492266140682753 0.999934546085612 0.006387521277200254 -1.0686281568471514 0.0009780935868873419 -0.006378521455147357 0.9999791786817276 62.37062011114036
0.9999481836306833 0.010178148718896213 -0.0001879956150177191 -0.41123163726606765 -0.010176871572916218 0.9999310204962005 0.005863918008144168 -1.0827487458768066 0.00024766647673414387 -0.0058617009539733336 0.9999827894135194 63.31219612332277
0.9999469049626073 0.010303800289469383 0.00013767822939782503 -0.4178654102617106 -0.010304359040986035 0.9999344602324587 0.004989531477648758 -1.092137689219658 -8.62580701166052e-05 -0.0049906852441968545 0.999987542732578 64.25534119240385
0.9999372526806977 0.011195501498063077 0.00038916266898610715 -0.42181079944029315 -0.011196949841049875 0.999929536303036 0.003943443044226666 -1.1055328817597356 -0.00034498642463821465 -0.003947553038632095 0.9999921488738672 65.18711393616485
0.999917275818394 0.012851569728205297 0.0005278971871132093 -0.419066294138908 -0.012853520714417054 0.9999098796016475 0.003875523223151727 -1.1142587808774802 -0.00047804305587446596 -0.00388198796109505 0.9999923507928982 66.15111083466547
0.9999043462139943 0.01381763720351802 0.0006093639915570281 -0.4299161429567071 -0.0138205345093508 0.9998917959705443 0.005038767375514793 -1.128484244363914 -0.0005396741963716006 -0.005046707134413218 0.9999871196664792 67.0678099315877
0.9998793979078678 0.015527927488670665 0.0002703836228595297 -0.4282088022978543 -0.015529281118878307 0.9998610541193821 0.0060591982306240025 -1.1375075211670573 -0.0001762592634059857 -0.006062666341930699 0.9999816063355859 67.99771886340906
0.9999022097734778 0.013984197634364712 0.00011448421630402726 -0.42654927641039064 -0.013984585468487945 0.999890753285116 0.004786738366256554 -1.1545806918919683 -4.753301394340206e-05 -0.004787871284335959 0.999988536948888 68.91161954389752
0.9999060179503433 0.01368505688364202 0.0008212702208597494 -0.4413203307605964 -0.013687285597984211 0.9999024811966416 0.0027724194754522743 -1.1748479252036288 -0.0007832494133453351 -0.0027833998778543276 0.9999958195940005 69.82341708425737
0.9999156788952743 0.01296214560285637 0.0007860539226218929 -0.45315780322665933 -0.012963693230948514 0.9999139740132658 0.00199680514830803 -1.1985876967972382 -0.0007601034224863727 -0.0020068269374090043 0.9999976974415644 70.70263356275261
0.9999382623669654 0.010998272992291842 0.0015841230120231438 -0.4613315936898382 -0.011003644652432368 0.9999335988748683 0.0034231046587681613 -1.2186787649550441 -0.0015463695849561947 -0.0034403244511001063 0.9999928864290875 71.59997030719164
0.999957591168802 0.008903584900315474 0.0023541537344467776 -0.46571142733721743 -0.00891539092716765 0.9999474902878766 0.005052966611842545 -1.2282185980133453 -0.002309040601286617 -0.005073740522280886 0.999984462623602 72.53261206946749
0.9999640195464233 0.007687932403897252 0.0035854299475409986 -0.47773288342956877 -0.007708357708075376 0.9999539408871287 0.005718157547006187 -1.2456684266726934 -0.0035413039971238804 -0.005745589581678108 0.9999772234237931 73.4400794591768
0.9999712774216847 0.006514690232623107 0.003873389060259549 -0.4746894080255077 -0.006533196005837213 0.9999672130474813 0.004784368295812441 -1.266123937658389 -0.003842093386232053 -0.004809536486358111 0.9999810531591075 74.3444000861381
0.9999550962618939 0.008753799524051621 0.003629938533006999 -0.4695365197841606 -0.008762684419478908 0.9999586323828393 0.0024390335779030836 -1.2819285142130836 -0.0036084375601277236 -0.0024707320620061452 0.9999904372850035 75.23792953939711
0.9999203997391715 0.011558902250622359 0.005058257032850219 -0.4754045328525214 -0.011559106821036856 0.9999331912302161 1.1209105214320868e-05 -1.2925126355734349 -0.005057789531970795 -6.96771463388113e-05 0.9999872068732405 76.12444244821054
0.9998680059131304 0.01503641801568342 0.006154419920144868 -0.47468221882485906 -0.015035662941543957 0.9998869437586153 -0.00016894067154986624 -1.3058376645704068 -0.006156264387119728 7.638258885893805e-05 0.9999810471076417 77.01510372265214
0.9998432392551748 0.016281653630453745 0.006957346532473877 -0.46175413953715394 -0.016295164932403072 0.9998654391453298 0.0018897625588254836 -1.320746328942109 -0.006925641886553356 -0.002002837427478997 0.9999740117256537 77.9180147581516
0.9998325998481611 0.016665254954283566 0.007552586190896362 -0.459530228622243 -0.016697372464061378 0.9998517275185212 0.004209599863516631 -1.3338111887582 -0.007481312295220964 -0.004335003520557867 0.9999626181567076 78.82946859764334
0.9998260725176588 0.01644745394130342 0.008792381517919327 -0.45966498176559795 -0.016490643586069168 0.9998521967370579 0.004862443231820782 -1.3490645207727394 -0.008711107164146135 -0.0050065895491974675 0.9999495240626198 79.73529794197606
0.9998195536895763 0.016768751078614096 0.008925751914199587 -0.44423299645969977 -0.01680495914959688 0.9998507969130475 0.003997156528125986 -1.3555472677890106 -0.008857392841619939 -0.004146432152277171 0.9999521757026457 80.6681783660514
0.9997855506780686 0.018088287945407712 0.010082980439805864 -0.444415945522072 -0.018126739180280512 0.9998287200686841 0.0037352178641988183 -1.371710349636122 -0.010013689731343972 -0.00391718840585412 0.9999421891554315 81.56877711682431
0.9997279826082774 0.020401197616113018 0.011302739747804644 -0.44733031030133974 -0.020445223670063795 0.9997837781068191 0.0037933973587618458 -1.395243368965137 -0.011222905998867464 -0.0040234525309362145 0.9999289265796201 82.45419835953273
0.9997053522302803 0.020807227606089832 0.01250072003826927 -0.4466851875612503 -0.020846268169058376 0.9997781892241424 0.003000909046038744 -1.413952000364356 -0.012435506646314457 -0.003260618197106587 0.9999173598570141 83.3632369037492
0.9996590804583145 0.021946774559444052 0.014144325493668184 -0.44590100985412645 -0.021978035283961306 0.9997563346494228 0.002058468700527579 -1.4268970072390417 -0.014095702263131758 -0.002368631413090671 0.9998978451636634 84.27972450185496
0.9996650299995773 0.02149936563225421 0.014408506978582739 -0.43013490760625755 -0.021522793055537934 0.9997672729806748 0.001472839385623719 -1.4397876576739121 -0.014373488617233407 -0.0017824573425547733 0.99989510733416 85.19493111857719
0.9996677189111418 0.020552591091252775 0.01555772369039633 -0.4275792272385267 -0.020597261103846156 0.9997841635479614 0.0027164597745044684 -1.4527440627385753 -0.01549853547955381 -0.0030360036433267163 0.9998752812625513 86.13570533611028
0.9996854071837824 0.019329184015898962 0.015983407304791038 -0.41892377171717304 -0.01938841761328256 0.9998056913948064 0.00355931411779548 -1.469745727904066 -0.015911502953659958 -0.0038680873588530975 0.9998659219985144 87.0522977289193
0.9996876917035796 0.019092894775900256 0.01612390850387778 -0.40243583637107555 -0.019160294906712234 0.9998082783632264 0.004036039572684491 -1.4872503670503394 -0.016043757522877438 -0.004343717926025655 0.9998618554376029 87.94949227249697
0.9997405234917094 0.01601556518683202 0.016198375235363487 -0.39625874380917336 -0.01608781108525017 0.999861165322014 0.004339633091957274 -1.4971711531324436 -0.01612662466248446 -0.004599103459791087 0.9998593802252201 88.89845062371914
0.9997650700683877 0.01422697866569298 0.016352301036667037 -0.37891847102169246 -0.014311896790333496 0.9998846353319295 0.005087792977304128 -1.5125176729385887 -0.016278030636744056 -0.0053206301471703885 0.999853347553243 89.8004519614186
0.9997989518971838 0.012844637960433745 0.015397112097858694 -0.3634595654513289 -0.012915063417136958 0.9999065463831693 0.004483261870182971 -1.5242729989344328 -0.015338087306441952 -0.004681215198075386 0.9998714063828653 90.73107827669739
0.9998182174666969 0.011654297729897485 0.015090041952744744 -0.3601236020481336 -0.011729782213260221 0.9999190825913434 0.004923462084539618 -1.5420360520035823 -0.015031441412660195 -0.00509956999082517 0.9998740171416426 91.65455775723083
0.9998558576345173 0.010409927966721286 0.01341258191651228 -0.34574642373296244 -0.010486287101584953 0.9999291375031557 0.005635401937793635 -1.556269310759982 -0.013352967339234443 -0.0057752378223792965 0.9998941668453375 92.60570621815029
0.9998810813818642 0.008968870269017819 0.012545216647264386 -0.35298376368755946 -0.009041048014211605 0.9999428341776267 0.005708574918666532 -1.5690831316075273 -0.012493300021773238 -0.0058213179688836264 0.9999050103443177 93.75247132139806
0.9998984808120204 0.008822923557473467 0.011188569600617924 -0.34534323621335283 -0.008889585284608694 0.9999429488966642 0.005922349642933537 -1.5848877128960193 -0.011135678842199041 -0.006021210154485675 0.9999198676319007 94.73394318823485
0.9999062032443861 0.00850114260897511 0.010738495599162337 -0.34463319930722863 -0.008559884994073536 0.9999485867491914 0.005436196019781469 -1.5987992081254303 -0.01069172962058362 -0.005527606409569857 0.9999275636190352 95.68314039330575
0.9999228098739513 0.00801903443325536 0.009490488951320144 -0.3356385319599977 -0.008069145276523394 0.9999536429444762 0.005253651735678168 -1.6134088835195104 -0.009447919786031463 -0.0053298263397316414 0.9999411631505646 96.62463043392898
0.999947601067204 0.0057234759089019776 0.008487458009268962 -0.32543966146423803 -0.005744101259977309 0.9999806039166675 0.002407714923943535 -1.6245217853085145 -0.008473512887466754 -0.0024563415804957876 0.9999610822253959 97.54764496620726
0.9999743624818321 0.00046728389471385084 0.007145349873186251 -0.3210894052578873 -0.000479356235504817 0.9999984605726088 0.0016879188354060669 -1.6356949011610749 -0.007144550136154855 -0.0016913007293724973 0.9999730470893671 98.47481574334205
0.9999516478085724 -0.007709013080041231 0.006105175038281526 -0.31225624464100393 0.007682828502140045 0.999961237807944 0.004300817107700299 -1.6508863797268247 -0.006138093443655559 -0.004253704140973212 0.9999721145161783 99.41407993844557
0.9998739463156735 -0.015033464436241097 0.005107487264954226 -0.3029455698854232 0.015004479007067972 0.9998713683200755 0.005666782460033136 -1.660427203419434 -0.005192021652871228 -0.005589432955779551 0.9999709001517934 100.35439032754695
0.9998172515595504 -0.018702585484249506 0.003959391380870151 -0.29311380334246034 0.0186930763031988 0.9998223278271299 0.0024252168242575706 -1.6776373963289293 -0.0040040457321770355 -0.0023507604144679985 0.9999892207135269 101.26365682568317
0.9998333738940098 -0.01790447816666408 0.0035572614884288676 -0.28662417055500483 0.0179090288984902 0.9998388371431814 -0.0012515686421083136 -1.6880482740351077 -0.0035342795065814872 0.0013150671968952426 0.9999928897080396 102.16763580565373
0.9998817596465922 -0.01469339075274278 0.0045355257928626925 -0.2915162836894849 0.014708793137652727 0.9998861020350347 -0.0033814732884038506 -1.703296346315481 -0.004485323897361626 0.003447785572465297 0.9999839971940452 103.06926221612866
0.9998730240558051 -0.014901689017428174 0.005645832969827719 -0.2942907440939791 0.014921587149245371 0.9998825453696404 -0.0034988143789781425 -1.7239424853654475 -0.00559303159680121 0.0035826149024085646 0.9999779411907127 103.97403981531745
0.9998105768594788 -0.018641389744257716 0.005595443531568062 -0.28275833611269846 0.01863950202575973 0.9998261935885404 0.00038933079036514124 -1.7426962120695462 -0.005601728674613227 -0.00028496076106207876 0.9999842695928866 104.87359495268669
0.9997025312973713 -0.023876414246141182 0.00497652091031208 -0.26473659336572447 0.02386145889939499 0.9997106429759912 0.003043205498294476 -1.759684818257298 -0.0050477417541482305 -0.0029235531907393147 0.9999829864252304 105.78392800414994
0.9995939022192492 -0.028142817072986315 0.00447353252881701 -0.25543431845786385 0.028122266520415346 0.9995939424873019 0.004592196471116845 -1.7755351992633541 -0.0046009533625785085 -0.004464525716257637 0.9999794494079777 106.6943454150983
0.9995665265677025 -0.029034360038359262 0.004874925900692642 -0.25522735264356966 0.029013265102563746 0.9995695891805736 0.0043435968332821975 -1.789353345775137 -0.004998941234163343 -0.0042002764819418234 0.9999786839048173 107.6132307661717
0.9996201003690185 -0.0269917537961453 0.005576752212292714 -0.25410412370481505 0.026964820025989898 0.9996246190509009 0.004849687442465986 -1.80284681972994 -0.0057055603751929454 -0.004697468928261806 0.9999726898103122 108.49332994880426
0.9997224409503147 -0.022490927512464436 0.0070142169890247096 -0.25586663153282335 0.022465939860103017 0.9997410510150384 0.003621113299983588 -1.8141060687816335 -0.007093842861402741 -0.003462527250175701 0.99996884366389 109.43294981485231
0.999792695787505 -0.01877096629989835 0.007887729338506542 -0.26023828316820385 0.018760132018381007 0.999822968579749 0.0014453190009307958 -1.8295041758793504 -0.007913462996841541 -0.0012970445364973882 0.9999678468725213 110.34744450292084
0.999847925482465 -0.015069535336305045 0.008776959220311147 -0.26590197734957427 0.015063560223750067 0.999886259487358 0.0007464862680344021 -1.845187771467081 -0.008787210125667484 -0.0006141604926983163 0.9999612031199484 111.28805835149362
0.9998774819748968 -0.012882158629220977 0.008892189189810844 -0.2632230608714329 0.01286536081366605 0.9999153487182787 0.0019436791711117717 -1.85823473325717 -0.008916475238008481 -0.0018290398130275478 0.9999585746833168 112.24353079381314
0.999898728987893 -0.011160854380047939 0.008829897955196942 -0.2640097972823787 0.011145664290464574 0.999936322770928 0.001767645570075091 -1.8735400317548057 -0.008849064126568594 -0.0016690514804910343 0.9999594533436029 113.18747724111057
0.9999239884432425 -0.009388851320813118 0.007991671078665491 -0.2652115652665667 0.009393170893872097 0.9999557566135354 -0.0005031460949071485 -1.8920841140381182 -0.007986593536199012 0.0005781749821591688 0.9999679395047502 114.12315906088627
0.9999589025356341 -0.005294028556943916 0.0073597894918172625 -0.266496131324067 0.005317353208754108 0.9999808911898747 -0.003153253865454702 -1.9132064818325794 -0.007342955438989543 0.003192258874986934 0.9999679447305769 115.06566674352719
0.9999739887782751 -1.8380100524467494e-05 0.007212588233991788 -0.2643579646789175 5.434705388162892e-05 0.9999875657185338 -0.004986527318854835 -1.925006293693661 -0.00721240689776945 0.004986789596109021 0.9999615558191542 116.05555079758004
0.9999667220478948 0.004557095859269988 0.006766659006679706 -0.25996950558135795 -0.004531676093307676 0.9999826358609943 -0.003767212267124971 -1.9432877293190638 -0.006783709056898874 0.0037364225951639386 0.9999700097691031 117.02075418494854
0.9999375548355289 0.00841544639230218 0.007353005613740146 -0.25926884183982846 -0.008402283514593314 0.9999630453930842 -0.0018191976012165345 -1.9669629607704968 -0.007368043246201383 0.0017573019632725886 0.9999713115027504 117.98590413799872
0.9999303658761599 0.009445423932773167 0.007074416265194419 -0.2608651578231953 -0.009446734946129609 0.9999553670628848 0.00015192423155093875 -1.9866793195638703 -0.007072665524448767 -0.0002187437877955772 0.9999749644633775 119.15944177885935
0.9999635765349643 0.005669509370130843 0.006379832826882592 -0.2595832681932427 -0.005677514860295858 0.9999831171891453 0.0012374011775290242 -2.009007270625893 -0.00637270965980437 -0.0012735777027708473 0.9999788830627503 120.32666373410227
0.9999860297610353 0.0030365132012396697 0.004326646546102796 -0.2536191494130588 -0.0030433400804915516 0.9999941331808796 0.0015721593300068587 -2.026623214297462 -0.004321847279893354 -0.0015853048234127397 0.9999894041662168 121.30033829703902
0.9999934218896435 0.0028084487396614287 0.0022953851774069863 -0.2520588426508599 -0.0028023508256343655 0.9999925475204634 -0.002655510001313612 -2.047892511921948 -0.002302825934815507 0.002649060058529225 0.9999938397177852 122.2240330964008
0.9999920391137348 0.003986125951162323 0.00018030266363940355 -0.25157032241211663 -0.003984816081971133 0.9999692107461198 -0.006760088798109417 -2.0709181660019507 -0.0002072436776484633 0.006759316508858088 0.9999771340837701 123.17371983292973
0.9999595449817349 0.008946083089555926 -0.0009359472585949176 -0.25625789572539553 -0.008952803365050105 0.9999322378173446 -0.007440906227526805 -2.0898480702349556 0.0008693168713895497 0.007448984557296134 0.999971878063199 124.13512644070687
0.9999271629633046 0.012002636836558705 -0.001267074237073054 -0.26840226541338624 -0.01201024620248983 0.9999087819303134 -0.0061791427216161135 -2.111620852949246 0.0011927926509549725 0.006193910524715387 0.999980106161169 125.10578955668943
0.9998967528482255 0.014328734151372242 -0.0010821373249111387 -0.2742317904244071 -0.014331098433524498 0.9998948630635199 -0.002209623690591367 -2.139507225595932 0.0010503624418677355 0.0022249037697610044 0.9999969732663969 125.92988541017361
0.9998837072102417 0.015231885404576291 -0.0007494815020904571 -0.28082097897702885 -0.015232336665845133 0.9998838011373329 -0.0006001190192645014 -2.148459052302341 0.0007402534690585693 0.0006114655843143792 0.9999995390672135 126.91942835837108
0.999884581830113 0.015189553839377205 -0.00031697409455074536 -0.29004336803378755 -0.015189416791588794 0.9998845415292649 0.0004303816026671145 -2.167219868831542 0.0003234748017285012 -0.0004255172771757384 0.9999998571495389 127.86036192617694
0.9999120277072431 0.01325408844443343 -0.0005157382016902842 -0.2991500254252486 -0.013253343928577075 0.9999111606121129 0.0014211819126628527 -2.1862774971710444 0.0005345288545869938 -0.0014142216322672976 0.9999988571273855 128.6814771974694
0.9999393105272169 0.011016992163997617 -3.385275030590191e-05 -0.3027289613213517 -0.011016903635868535 0.9999373547943037 0.001978464361236879 -2.206821539449068 5.564735595472693e-05 -0.0019779713367897894 0.9999980422644644 129.60779953715993
0.9999593246112669 0.009012474122702702 0.0003527508512065441 -0.3103941415008999 -0.009012997939096011 0.999958238009222 0.0015126485452935502 -2.2166807111500852 -0.0003391034137607569 -0.0015157663604207516 0.9999987937298797 130.55590483707837
0.9999814187355487 0.005869430005486393 0.0016468075317563708 -0.3180082299433294 -0.005873865213235109 0.9999790997715381 0.0027014306470311495 -2.2329901776502616 -0.0016309172550085286 -0.002711053576507445 0.9999949951361816 131.47439790187116
0.9999944171676751 0.0018725454808355426 0.00276752721771217 -0.32818159204601255 -0.0018829187631358693 0.9999911946216814 0.003750372783179402 -2.242502110218534 -0.0027604801049846573 -0.003755562874402589 0.9999891376895479 132.46788999558808
0.999993359186679 -0.0011722377463349093 0.0034507160422419018 -0.33555698338153844 0.0011572981826871473 0.9999899635036585 0.004328227448574652 -2.264723746867325 -0.0034557551207361546 -0.0043242051982193734 0.9999846793856135 133.43547323584656
0.9999942968492184 0.0005757197051236266 0.0033278845914906014 -0.3405992135585808 -0.0005750583868914343 0.9999998147190947 -0.00019967375278846737 -2.280558157146652 -0.0033279989310144578 0.00019775888607420267 0.9999944426418265 134.41435821543226
0.999958112828806 0.008155369687767533 0.004154820465840775 -0.35028157088027556 -0.00813392227877495 0.9999536415577501 -0.00515306158882043 -2.2978097389184633 -0.004196652977120087 0.005119050754896331 0.9999780914715868 135.37323754529092
0.9998368905103614 0.017230645690524928 0.0054126909807281605 -0.35714535294974176 -0.017204315154476506 0.9998401147432563 -0.00487406301141334 -2.320849974044581 -0.005495808824067297 0.0047801463640170915 0.9999734727912069 136.3261865890058
0.9996659691776566 0.02505792377347677 0.006328548352728416 -0.366789822660856 -0.0250529093604438 0.9996857476939514 -0.0008703965443329896 -2.341107671973105 -0.006348369922078538 0.0007115572567956138 0.9999795957346334 137.30407492721906
0.9996382153093623 0.02588366194874679 0.0073126286128591235 -0.3633746233672019 -0.025894552881363005 0.9996637015002835 0.001398582785478819 -2.3563097309312018 -0.007273968942804291 -0.0015874340479557444 0.9999722843304011 138.32386250968756
0.9996887518358362 0.024041274211440124 0.006664577045227509 -0.35725018962582694 -0.0240550457925893 0.9997086469774379 0.00199397352996391 -2.375060157125006 -0.0066146976361603415 -0.0021536696153743834 0.9999758034484473 139.31334422867116
0.9997725750472058 0.020452306094962687 0.0060416354466749905 -0.3549029838628435 -0.02046616271750263 0.9997880353406396 0.0022406635860659644 -2.3940208306120963 -0.005994528095960773 -0.0023638030973870262 0.9999792388183972 140.3168838499836
0.9998090454427171 0.01894889925435976 0.004776177128671285 -0.3427418134175559 -0.018955850599356033 0.9998193213146015 0.0014143740826928458 -2.4072779007238623 -0.004748513343268782 -0.0015046405016030638 0.9999875937620364 141.32741405023228
0.999795620010318 0.01956961486783 0.00507428636379982 -0.35739258001736585 -0.01957652232216481 0.9998074965025702 0.0013151847831493148 -2.428241982289597 -0.0050475718862448326 -0.0014142528659667497 0.9999862608590591 142.316523911554
0.999771241351949 0.02074829809259794 0.0051935625380712235 -0.36038955336380685 -0.02075462487550997 0.9997839181625138 0.0011672745476241822 -2.440496191157601 -0.005168221343268152 -0.0012747979657217966 0.9999858320887809 143.30687921246871
0.9997478622109114 0.021796687129305825 0.00539596468600439 -0.3661924285100617 -0.021809190512725993 0.9997595759051956 0.002269271914942747 -2.4593663241053854 -0.005345204756141106 -0.0023863813675761734 0.999982866838268 144.30405778634562
0.999781090839504 0.02030773997642019 0.0050364766270125485 -0.366691920449541 -0.020318332302545747 0.9997914371918839 0.0020609440098675142 -2.476364989241528 -0.004993573090249125 -0.0021628256560860077 0.9999851930968636 145.2959749186526
0.9997911380851436 0.019992948283858045 0.004238186560876888 -0.36211508660945146 -0.01999696604298549 0.9997996286046582 0.0009077395246040574 -2.489446104108372 -0.0042191889601545995 -0.0009923008051303142 0.9999906068476987 146.29041496833673
0.999803734666755 0.01933248563199865 0.004329797419075574 -0.3706713342577643 -0.01933581807305211 0.999812779739148 0.0007291157008281013 -2.5065901436163758 -0.004314891174466279 -0.0008126927758803795 0.9999903605758421 147.28475323641723
0.9998123249150712 0.018900096745607678 0.004254561189942803 -0.3693782274245925 -0.018904527677973414 0.9998207896958368 0.0010036559409913608 -2.526772636588303 -0.004234829534357107 -0.0010838980495501396 0.9999904456462728 148.2928439758246
0.9998134975252344 0.01893953528243675 0.003776793565330666 -0.3669390778177235 -0.018944268092085152 0.9998197953127524 0.0012213137199181092 -2.549875404360301 -0.003752981855141383 -0.0012926345317168131 0.9999921220805496 149.28981984150118
0.9998096602719345 0.019142891148350983 0.003767352570811324 -0.36694240045605486 -0.019147040799450458 0.9998161076533112 0.0010685062415509278 -2.5628269840953006 -0.003746205484836197 -0.0011404365157425618 0.9999923326451146 150.30002504006782
0.9997761228047934 0.020784895320445862 0.0039613628871779894 -0.37574681284383743 -0.02078859329205947 0.9997834935780343 0.0008946271958858393 -2.582841680137087 -0.00394191049405914 -0.0009767780712021164 0.9999917535891258 151.28082108264678
