1.0 0.0 0.0 0.0 0.0 1.0 0.0 0.0 0.0 0.0 1.0 0.0
0.9999986698428822 0.00039037714917937704 0.0015836407886411006 0.002261536540789487 -0.00038922941525197907 0.9999996614468626 -0.0007249873257874836 -0.01560909443049939 -0.0015839232709799775 0.0007243699618623076 0.9999984832364646 0.8428891527304091
0.999996621397698 0.00046809700596994985 0.002556966636756596 0.008709719115783608 -0.0004676141200961092 0.9999998727236838 -0.00018944563903040457 -0.028818651578364794 -0.0025570549902517244 0.00018824932526496376 0.9999967130105818 1.6973498886442684
0.9999927666597678 -0.00026499617781586314 0.003794259501977981 0.014897117985972194 0.0002645506895399364 0.9999999580547824 0.00011791253210827699 -0.044897077560547366 -0.003794290589197267 -0.00011690790523929375 0.9999927948197757 2.557925179707256
0.9999890485944741 -0.0003793154974254677 0.004664634055444058 0.019496293065278107 0.00037759270668110366 0.9999998601858312 0.0003702054353738647 -0.06434141266584448 -0.004664773827920994 -0.00036844004930536506 0.9999890520086024 3.4189780628084736
0.9999844687302196 -0.0004940758411904383 0.00555141309963929 0.02274031445257731 0.0004914300232454383 0.999999765026995 0.0004779565733308805 -0.07742848054939996 -0.005551647942003097 -0.00047522101898980854 0.9999844765645665 4.280220501245402
0.9999797221490795 0.00030126859423103356 0.006361173467478963 0.02888897076824562 -0.0002984818789977331 0.9999998590820273 -0.00043902675583077516 -0.09311536746551963 -0.006361304836048869 0.00043711915830254655 0.9999796711571807 5.149295157848917
0.9999748468616093 0.00010675573425075228 0.007091843717496893 0.030071032301367092 -0.00010175973553581903 0.9999997464310715 -0.0007048281690471072 -0.10851526033262451 -0.00709191716367441 0.0007040887762655656 0.9999746041624944 6.011848794423016
0.9999759421347296 -0.0007569118908804343 0.006895087827452805 0.03901244029691342 0.0007498454081773161 0.9999991911055887 0.0010273850455537017 -0.12893948712622827 -0.006895859890012275 -0.0010221900789161996 0.9999757008266844 6.891189756897534
0.999984871152088 -0.0015544511010162037 0.005276471237057633 0.04496756899484297 0.0015463660396326647 0.9999976246949382 0.0015360197108758352 -0.1390490722912552 -0.005278846371359546 -0.0015278371167370662 0.9999848996333551 7.759328010694045
0.9999924913643176 -0.002416144550154374 0.0030297624488985373 0.040583064902694 0.002412509091732483 0.9999963662930936 0.0012029964636088668 -0.1518326104698235 -0.0030326580529792114 -0.0011956781012928482 0.9999946866553896 8.619622874249906
0.9999970331967862 -0.0023775493000776043 0.0005299593850960603 0.042092932205353276 0.002377226394738012 0.9999969888905005 0.0006091014698982408 -0.16447061911518143 -0.0005314059581037554 -0.000607839829375567 0.9999996740691712 9.461961284437566
0.9999965780604952 -0.00256554328406304 -0.0005117176527691063 0.03417863326709458 0.0025658944348567556 0.9999964722753591 0.0006867478328741322 -0.18341886825641252 0.0005099539662796845 -0.0006880584963419585 0.9999996332611613 10.313420256985417
0.9999988982858972 -0.0003142328863310446 -0.0014507531438866133 0.044935463931938924 0.0003148637376048745 0.9999998559761468 0.00043463606733389786 -0.18961480198935762 0.0014506163579982626 -0.0004350923780466861 0.9999988532027442 11.15634433657264
0.9999977195803601 -0.0007633607828226387 -0.0019945210939467683 0.04153689845239666 0.0007647141342070336 0.99999947785891 0.0006778600145010612 -0.20467189827901214 0.001994002600774683 -0.0006793837071675317 0.999997781193241 12.003935143544943
0.9999956109940067 -0.0015395375602692697 -0.002531366592067464 0.02849671702913493 0.001542503023910726 0.9999981259459859 0.0011699525358173143 -0.2248363670142213 0.002529560662277757 -0.0011738520415117658 0.99999611168956 12.845344066962499
0.9999949178033243 -0.0018468107443181875 -0.002598780020871226 0.019131402892796533 0.0018503090054208036 0.9999973845271865 0.00134435686133853 -0.23749219973307542 0.0025962904511376466 -0.0013491585751285297 0.9999957195143543 13.714120078249891
0.9999945738312223 -0.0016484236496368359 -0.0028521934686208668 0.003181426767220028 0.0016505463613989595 0.9999983625318939 0.0007420446347429089 -0.2586798384970113 0.0028509655943206665 -0.0007467482858353417 0.9999956571716583 14.58331266619987
0.9999936034546205 -0.001999085021278332 -0.002965924631448307 -0.005108043298042288 0.0019973217761881643 0.9999978269406462 -0.0005973438771226532 -0.2710167432448185 0.002967112327515988 0.0005914161503322926 0.9999954232252126 15.447413725642186
0.9999886650933877 -0.0016876988256104824 -0.004452118306714031 -0.005936367239862513 0.0016868497239649755 0.9999985583593112 -0.0001944667267023991 -0.2859753818044134 0.004452440089626065 0.00018695446790334186 0.9999900703633383 16.33034086593433
0.9999836405541231 -0.0016897628912861985 -0.0054647347137795005 -0.009169024117360303 0.001688615618752339 0.999998551272118 -0.0002145482633938812 -0.3056277500559416 0.005465089332560488 0.00020531691711301803 0.999985045209952 17.178830797697632
0.9999797258859618 -0.0022261201240260527 -0.0059659204007811596 -0.034154605420144535 0.002222234040109019 0.9999973143982474 -0.0006579302114882024 -0.33088139354466045 0.005967369010379544 0.0006446592011407208 0.9999819872985749 18.00673963150514
0.9999806315026689 -0.0010585574214887954 -0.006133194576016713 -0.05472066028478076 0.0010591959261494314 0.9999994339655501 0.00010085915255837275 -0.3466568555337023 0.006133084339213485 -0.00010735345377749765 0.9999811866988914 18.84574220439461
0.9999758165051638 -0.0026514344365611018 -0.006429331244922571 -0.07355881091914895 0.002666521825853942 0.9999937088489474 0.0023392143721293426 -0.3719646031115437 0.006423088523488429 -0.0023563017538409904 0.999976595614049 19.69219311251127
0.9999663163856155 -0.0030739422128849615 -0.0076103201937918535 -0.07535593491267506 0.003094401408466435 0.9999916263687583 0.0026780351545446575 -0.3886613247293626 0.007602024342468327 -0.0027014943341670964 0.9999674550475419 20.55098131683981
0.999963271113886 -0.0029026854338758475 -0.008064170167264064 -0.09272056289200908 0.0029166630641020356 0.9999942637401824 0.00172208109577841 -0.40355820720667435 0.008059125249376672 -0.0017455383129268008 0.9999660012201473 21.42487228066247
0.9999584791354723 -0.0028189721964166047 -0.008665644859227415 -0.10736765655484454 0.002825620940606364 0.9999957228315753 0.0007551058566248285 -0.42031895884816056 0.008663479172390215 -0.0007795603315542827 0.9999621674915096 22.283011687610284
0.9999505567554197 -0.0017953248655446364 -0.009780636643407128 -0.12115919366028124 0.0018077758940372069 0.9999975666969532 0.00126433638292689 -0.442794553110798 0.009778342949608054 -0.0012819550691855089 0.9999513691176983 23.14746596453615
0.999947327316516 -0.0018627065201613168 -0.010093211430094541 -0.13444191708077655 0.00188480986846083 0.9999958456777439 0.002180852817934173 -0.45958785432622795 0.010089107210878722 -0.0021997617310712263 0.9999466840607119 24.005061740014106
0.9999397769935601 -0.0027719336692195763 -0.01061879323649475 -0.15756922542609714 0.0027961545028761963 0.9999935216080935 0.002266773442426564 -0.47834478049233387 0.010612441098165568 -0.002296328717037618 0.999941049746614 25.144937481643446
0.9999325925176135 -0.0029775042973375393 -0.011222517059917414 -0.1678353672312769 0.003000095498332241 0.999993506232257 0.001996727401942239 -0.49058474987057 0.011216498919078766 -0.002030261430485807 0.9999350319848392 26.00657327224081
0.9999261495869678 -0.0029427382753285367 -0.011791338499960995 -0.18812747289538675 0.0029700737658490037 0.9999929410195053 0.0023014284662347907 -0.5043974529386647 0.011784482763497528 -0.002336279649934299 0.9999278312775345 26.838205100136495
0.9999157073387241 -0.003305390038616178 -0.012555979212601905 -0.19002260656490294 0.0033396182503425288 0.9999907620501429 0.002706060663932976 -0.5116548169129628 0.012546918635133611 -0.0027477647402066848 0.9999175089084575 27.68204890181159
0.9999134482493384 -0.002906195692316997 -0.012831603045268843 -0.19935673769623238 0.0029592666421166397 0.9999871385844583 0.0041189084244430355 -0.5244802112606681 0.012819467658770378 -0.0041565240605641535 0.999909188154944 28.520873956191398
0.9999218100709345 -0.0023592861235756644 -0.012280371063181443 -0.2206324895685818 0.002416625807306755 0.9999862385027442 0.004656471286266216 -0.5362087958114502 0.012269216118798802 -0.004685784258740554 0.999913751161424 29.34291511969934
0.9999262220408895 -0.0008672232799782584 -0.012116038907704596 -0.2359059840845118 0.000918467020658149 0.9999906550086509 0.0042244897562114 -0.5477079675468622 0.012112262107563778 -0.004235306264135954 0.9999176742549788 30.172086635797992
0.9999353659878226 -3.243937234682263e-05 -0.011369379687767538 -0.25413265109201283 7.522308257940327e-05 0.9999929183511828 0.00376265716879812 -0.5555388565321688 0.011369177115577023 -0.003763269212955302 0.9999282872369121 31.008297060495313
0.9999407587104575 0.003170977682400951 -0.010412683135979525 -0.2700460565016605 -0.003109591604559791 0.9999777232219387 0.005906225522115376 -0.5696046108318331 0.010431179684266743 -0.0058734964376378485 0.9999283436976826 31.844085974263688
0.9999570664215266 0.002717938654431015 -0.008858787903724356 -0.28307420636951575 -0.0026360822531325627 0.9999538472083624 0.009238751189810664 -0.5815329423310944 0.008883489404910138 -0.009215002043583508 0.9999180803212475 32.678658315465135
0.9999683771057472 0.0034640319698855115 -0.007158580236870546 -0.2925225751615754 -0.0033783866470101535 0.999922988571395 0.011941667811081852 -0.5843177995544974 0.007199395263451661 -0.011917105729098995 0.9999030709518206 33.50027169133264
0.9999750234054454 0.003936033604054744 -0.0058702814877447575 -0.30294894633964725 -0.003842507262660005 0.9998668508722466 0.015859245402907146 -0.5928354299834843 0.005931922387726403 -0.015836292693713585 0.9998570018410153 34.34012864978621
0.9999813745862073 0.0028153743754360545 -0.005415177541319315 -0.3029247369986073 -0.002721606199942519 0.9998475738985799 0.017245922092276864 -0.5983811871317645 0.005462905854058172 -0.017230862899070745 0.9998366136641436 35.1775300279312
0.9999950962706049 0.0007503230951986964 -0.0030404687130459055 -0.31880812725373436 -0.0007031213864702563 0.9998796836988157 0.015495926776702255 -0.5988430625984544 0.003051729846839165 -0.015493712970292913 0.9998753081276359 36.008285353805235
0.9999948271060672 0.002555816522715473 -0.0019528346086341577 -0.3167156017951861 -0.002529773567860216 0.9999093582992707 0.013224047460269665 -0.589643443734522 0.001986455839380725 -0.013219038824298786 0.9999106515113032 36.85453938506238
0.9999935283271806 0.0034783224567274066 -0.0009190085113892532 -0.32597300044386557 -0.0034661719289980856 0.9999106844067245 0.012907705505982713 -0.5969719608059925 0.0009638235915257742 -0.012904436530030379 0.9999162697755877 37.711241081515816
0.9999978605142772 0.0017987200976804462 -0.0010215541486448914 -0.3355786514621886 -0.0017855240585000194 0.9999168039466576 0.012774861601339721 -0.6108355398680416 0.0010444475596795115 -0.012773010260195488 0.9999178762969423 38.55618686907558
0.9999981648207906 0.0015948913420476029 -0.0010614502614605557 -0.345037555231699 -0.001582866707302387 0.9999356379238229 0.011234524594308206 -0.6120359840911476 0.001079299790326092 -0.011232823842661145 0.9999363273631386 39.410602374068375
0.9999949630654384 0.0017589684269014095 -0.0026419450836332745 -0.35336070214796234 -0.0017278616843407065 0.9999297004442346 0.01173067191164505 -0.6226867125710736 0.0026623932375871074 -0.011726047909335352 0.9999277031179182 40.27232347429552
0.9999923782413381 0.0025033478954990273 -0.0029961155762087193 -0.3758280046731766 -0.0024648653976338405 0.9999152991594233 0.012779630099811302 -0.6243846733189579 0.0030278536628172027 -0.012772147674943005 0.9999138484619388 41.11018273024075
0.9999863907770777 0.002762056229263434 -0.004425980797411821 -0.3784523537077439 -0.002705054720529706 0.999913988484601 0.012833484007532522 -0.6273991502166107 0.004461046916543103 -0.012821336833537993 0.9999078519454723 41.96653073837302
0.9999783066030281 0.0035022400504511196 -0.005578587452757303 -0.3902290019368298 -0.0034312822254123237 0.9999137326778011 0.012678860541547508 -0.6351985908391715 0.005622510616139402 -0.012659443786022339 0.9999040583262973 42.82535580395011
0.9999727549952327 0.00418562850126773 -0.006080278060413082 -0.3985856023098874 -0.0041077664452431675 0.9999101221048392 0.012762208551517612 -0.6435957933802545 0.006133149441671985 -0.01273688448288974 0.9999000731331081 43.697809931916815
0.9999749283733554 0.003093692194184994 -0.006369591298415998 -0.4048909880297614 -0.003017021947321251 0.9999233072563584 0.012011543783849206 -0.6464618346814935 0.006406262816228289 -0.011992025438164536 0.9999075712897764 44.5729656881325
0.9999752779163598 0.002531797084408715 -0.006559996922346604 -0.41653246181153114 -0.0024577392655326597 0.9999334386296266 0.011272880201121134 -0.6562668241468312 0.0065881009251884054 -0.011256478750015357 0.9999149406886313 45.43042271909825
0.9999695722142611 0.0019831971398313985 -0.007544638807191491 -0.41882553406863 -0.001887477595698558 0.9999179112508296 0.012673128583710128 -0.6644320298820544 0.007569152789589302 -0.012658502631751913 0.9998912292030413 46.282578180300376
0.9999668098117502 0.0009453244821347176 -0.008092319601519151 -0.4262635788871118 -0.0008305183059627523 0.9998991325865924 0.014178677368462015 -0.6692750417627159 0.008104906801013676 -0.014171485955923432 0.999866730855441 47.14303940423066
0.9999646307864869 0.001611194416766165 -0.008254770051065232 -0.4395857785110971 -0.001505252322198034 0.999916633281499 0.012824223268200093 -0.67932960480255 0.008274744194903719 -0.012811344173719765 0.9998836922707413 47.98335032803201
0.9999593778192754 0.003315279771111575 -0.00838162462325836 -0.45505054593318445 -0.003217506963118113 0.9999269385485062 0.011651833072482225 -0.6841584017627885 0.008419641336079557 -0.011624391814025036 0.9998969862714483 48.826373722528544
0.999946696766221 0.005637473897259385 -0.008650000831107042 -0.469103200514057 -0.00553355303537717 0.9999127912504072 0.011991233657109338 -0.6873003299837727 0.008716846742088944 -0.011942729247222658 0.9998906879259359 49.660055951308586
0.9999345809324313 0.007874308213120402 -0.008296332059684981 -0.485160887017972 -0.007773731848868071 0.9998967401010648 0.012086282654331594 -0.688641201502517 0.008390646496046528 -0.012020998520228051 0.9998925405492102 50.495481043178295
0.9999310515891323 0.009785012922376598 -0.00649196349018645 -0.5124128187747948 -0.009702934383103426 0.9998740874121558 0.012556368346813325 -0.6949715365128563 0.006614010296795374 -0.012492511509405993 0.9999000910210881 51.321095253195644
0.9999262980377839 0.010800235945784756 -0.005545574448650736 -0.5251207912640213 -0.010725138356621464 0.9998527268236941 0.01339761435663458 -0.6952612740233789 0.005689455130450007 -0.013337149872937992 0.9998948697406066 52.16933804586576
0.9999020367751178 0.013539981795410215 -0.003547639489673053 -0.5329469552720827 -0.013488176615410574 0.999807614237226 0.014240913062458197 -0.6989028481833611 0.0037397786779599595 -0.01419166678868403 0.9998922995249031 53.01940786448597
0.9999255577688889 0.012187195257111056 -0.000592614832086495 -0.538078692419732 -0.012179387381647101 0.9998566942143488 0.011758127306541334 -0.7012588241014863 0.0007358285002956433 -0.011750034319702072 0.9999306952233759 53.8621030877961
0.9999530361140082 0.00945481730522167 0.0021288485383539426 -0.5435942931259308 -0.00946798827849001 0.9999355561522856 0.0062642430007922014 -0.7078216803042893 -0.0020694840740344772 -0.00628410472060509 0.999978113392252 54.68537349983722
0.9999284677654915 0.01105611063802727 0.004563087739012984 -0.5477611838915739 -0.011083383371193524 0.9999206034886505 0.005995442597102117 -0.7194147025579996 -0.00449643916908758 -0.00604558818046334 0.9999716160463509 55.48873273637242
0.9999226232051627 0.009798917789919677 0.007663472623419108 -0.538486450646102 -0.009871237909509402 0.9999065594281565 0.009456800446012615 -0.7604437857886874 -0.007570090134028294 -0.009531716670582668 0.9999259173122148 59.07654497118178
0.9998883158771897 0.010431502004263118 0.010702314619264245 -0.5296123023535262 -0.010550032134320889 0.9998829676424069 0.011079162449101326 -0.7697305426685118 -0.010585489796858881 -0.011190834845705783 0.9998813492716107 59.923087724355014
0.9998204224595263 0.011710066912303014 0.014899569314613625 -0.520367079708475 -0.011844524541431641 0.9998896327967458 0.008968247541821506 -0.7751156950774908 -0.014792906112017463 -0.00914311536038849 0.9998487752506715 60.752995831308986
0.9997755155239509 0.010569930775094372 0.018362873474097756 -0.5105640804196577 -0.01068144484430046 0.9999250382315745 0.005985369964924796 -0.7858392693434272 -0.018298232014435815 -0.006180168362479906 0.9998134727158646 61.58364458684776
0.9997129588074078 0.009285158596474954 0.02208587381957625 -0.5017334959036654 -0.009341090128139289 0.9999534169297557 0.002430638952717281 -0.7994816287030623 -0.02206227612359767 -0.0026362473971200916 0.9997531226117312 62.41992563287705
0.9996461646194602 0.008350762505570252 0.025254906992037546 -0.48906827518620477 -0.008389109597501583 0.9999638127193752 0.0014128311596478113 -0.8094543499562474 -0.02524219486815611 -0.0016241974326268909 0.9996800456050615 63.24980422164151
0.9995598915328007 0.0074449069878445035 0.028715790061841946 -0.4666087384767549 -0.007535180837222102 0.9999669989951563 0.003036769725446191 -0.8243300905870927 -0.028692233943765324 -0.0032518118883759508 0.9995830037724523 64.08309160356458
0.9994339090125807 0.008744768283321186 0.03248677490151039 -0.44844719882126244 -0.008863430387007964 0.9999545572702876 0.0035104125329567084 -0.8413001358534973 -0.03245460086959951 -0.0037963695878967863 0.9994660006525217 64.91155162032746
0.9993350790382121 0.008797838245939108 0.035383581586487106 -0.41337107603039247 -0.008837015938160555 0.9999605006075348 0.0009509858200332432 -0.8503836576905197 -0.03537381733709244 -0.0012630387640548883 0.9993733525465256 65.73186516554814
0.9992347785653296 0.008372343791836753 0.03820682092148972 -0.37607364024623313 -0.00832025144044181 0.999964227471387 -0.001522233068025052 -0.8642479096801161 -0.03821819882547197 0.0012031778658473692 0.99926869341612 66.546542979689
0.9991026551569078 0.00892676235815551 0.04140286671496371 -0.35324914624906684 -0.008861499063271962 0.9999591880599974 -0.001759559244563476 -0.880784698871965 -0.041416884150882856 0.0013910888485390907 0.9991409843355681 67.35929732505072
0.9989882939640063 0.007759403312590488 0.04429650305741293 -0.3239802290903377 -0.007728258666654431 0.9999697543463876 -0.0008743056669999373 -0.8918591273942295 -0.04430194737101409 0.0005310862930246519 0.999018045586007 68.17367071205031
0.9988718667095731 0.006928213259156419 0.04697865214293075 -0.28414332138407006 -0.006974865613386143 0.9999753315344918 0.0008291997056197361 -0.9085027311091646 -0.04697174837927586 -0.0011559340432211933 0.9988955494298098 68.97668184399325
0.9987043107721885 0.006222362691246465 0.05050724549591363 -0.25962655847729776 -0.006376964384319492 0.9999754606666015 0.002900412014370547 -0.9258586193715435 -0.05048795866626999 -0.003218736887443654 0.9987194830194124 69.78040291727214
0.9985504314975376 0.004647554373795381 0.05362309198863954 -0.23953490733842417 -0.004869979332172383 0.9999800692424203 0.004018011849392572 -0.9392050827855364 -0.05360334931124794 -0.004273330815683848 0.9985531631247063 70.62456253065697
0.9984427847368373 0.004298111123290523 0.05561952757546712 -0.19111084245839535 -0.004381117734635704 0.99998946363934 0.001370553791324595 -0.9416057512931557 -0.055613050755569306 -0.001612095242693491 0.9984510953144311 71.40789288642029
0.9983502705616271 0.002825384598765813 0.057347663172889723 -0.15198549347323675 -0.0027067929894798613 0.9999940350022372 -0.002145514309435324 -0.9609597865248424 -0.057353382997293506 0.001986746538680426 0.9983519631357256 72.20459117988216
0.9982257891822336 0.003935440694184489 0.05941200314789933 -0.10680783513304111 -0.0036319746845180287 0.9999798063417077 -0.005214946661940752 -0.9764867526765911 -0.05943132651552072 0.004989911355770631 0.9982199247727265 72.99847769973871
0.9980862252180542 0.004092042111212232 0.06170204389914943 -0.07296102947474402 -0.003716463916664982 0.9999738704840458 -0.00620050361724224 -0.9924932338006982 -0.061725804376521476 0.005959323830049812 0.9980753536349649 73.81753992544616
0.9980823057362495 0.0038748840494129606 0.061779416068882924 -0.03211345042181058 -0.0035465492914340782 0.9999790041298985 -0.00542340183782396 -1.0144914428569134 -0.06179913400956316 0.005193897666946523 0.998075092597092 74.60721849269832
0.998057908935134 0.004409875689135015 0.06213665108798858 0.001751019524246375 -0.004193126379202567 0.9999846629097249 -0.0036182366543378846 -1.032625402385435 -0.06215165406642101 0.0033506628784698406 0.9980610927969706 75.41321593592359
0.9980985435210264 0.003577251537965238 0.061534548772510196 0.03082873371405342 -0.0034610496874554943 0.9999920207528143 -0.001994884898567483 -1.0505926859810382 -0.061541193978206614 0.0017781175809567333 0.9981029604913539 76.22819896621498
0.9981891341879389 0.003602182803868625 0.060045621557089895 0.07708814486144634 -0.003546827741164874 0.9999931811386483 -0.001028440166225405 -1.0665564757045254 -0.06004891674380338 0.0008136063228157232 0.998195103996532 77.05011178336116
0.9983507764655895 0.0035384757244969448 0.05729926980423504 0.12217689953803307 -0.0035348952958945815 0.9999937388156929 -0.00016384338052728784 -1.0877602699889002 -0.05729949079877083 -3.897375311978501e-05 0.9983570337485724 77.85251831709753
0.9984737589888681 0.00441145637935646 0.05505171807718036 0.16506404023556928 -0.004402469758247318 0.9999902686088793 -0.0002845128534268014 -1.0977636001267776 -0.055052437463422206 4.171509426860092e-05 0.9984834637535 78.69021181941015
0.9986560118185575 0.005392019378290843 0.051547028873390764 0.19724810650702507 -0.005361264662828271 0.9999853582839352 -0.0007348870384453923 -1.1096103858736435 -0.05155023666158221 0.0004575420945795226 0.9986702978237445 79.4910125629996
0.9988367194082027 0.006086522540368848 0.04783473847761133 0.22428094799628667 -0.006080273097079289 0.9999814768373971 -0.0002761542290994481 -1.1198123560630249 -0.04783553324591248 -1.501528922565765e-05 0.9988552255124966 80.30702993282351
0.9989996470559437 0.006843579029383721 0.04419129561536577 0.25368423115864697 -0.006873460253870173 0.999976240063003 0.0005242648121191783 -1.132719464168403 -0.04418665778529206 -0.0008274874762489597 0.9990229499557266 81.14377170426607
0.9991870561076518 0.007190442574308137 0.03966767503278114 0.29321126388215957 -0.007246679475408515 0.9999729307925469 0.0012740952632539502 -1.1448834107469583 -0.03965743995143185 -0.0015605184217874575 0.9992121157385723 81.99149379940526
0.9993519710492862 0.007112640928182275 0.035285241942343 0.32037284815068995 -0.0071920909509019856 0.9999718782108549 0.0021252329764192266 -1.1594706652888263 -0.035269133639159116 -0.002377630433196212 0.9993750222443357 82.84771085603944
0.9995175931119988 0.007915427396540727 0.03003210063787171 0.3544635521940299 -0.007976308151927961 0.9999663685907488 0.0019079296871102342 -1.164428115251787 -0.030015988537088395 -0.0021465545778235375 0.9995471138148445 83.7207316959888
0.9996668358606954 0.008846173892964927 0.024247937803392808 0.39676873267852036 -0.008890819078071531 0.9999589724415778 0.0017340039503176354 -1.1740098393260987 -0.02423160366923206 -0.0019490102704091533 0.9997044717028043 84.60176615638586
0.9997633756976871 0.009033984184394956 0.019788373943262286 0.40245081072393757 -0.009059905811691601 0.9999582131465584 0.0012206831773261804 -1.1837411782764158 -0.019776519416862055 -0.0013996751381124039 0.99980344577785 85.46201625259648
0.9998541391382156 0.009826273622442703 0.013969423569757326 0.4367381974318603 -0.009830150252016473 0.9999516610914462 0.0002088695152566352 -1.189882897859784 -0.013966695894060195 -0.0003461605819928173 0.9999024010265474 86.34371036557974
0.9998697328226667 0.011944133976131333 0.010856106515966968 0.4379791055470008 -0.011943553818773715 0.9999286662225165 -0.00011827354520618891 -1.1989239935220537 -0.010856744783949832 -1.14023543893852e-05 0.9999410637446001 87.20085838724638
0.9998795522004248 0.013199989934474724 0.00816341578047746 0.4510516993303171 -0.01319842142715992 0.9999128667857223 -0.0002459841120276889 -1.2140815282247601 -0.00816595146362347 0.0001382102820278943 0.999966648511145 88.05642821266187
0.9998655011665181 0.014767521651323877 0.00713441527409698 0.43826474083344596 -0.014761987061775823 0.9998906932684626 -0.0008278001540687407 -1.2228471727830832 -0.007145859991179732 0.000722370669945215 0.9999742071001642 88.92542584517476
0.9998407920451705 0.016690857731594254 0.0063091862128315255 0.4324655938506298 -0.01668537856035289 0.9998603660414807 -0.0009200878695696786 -1.2324677309149747 -0.006323662291916752 0.0008146702238939576 0.9999796735972409 89.77178475928193
0.9998264839287103 0.017760834896484494 0.00561736401977825 0.433829954147012 -0.01776218012395498 0.9998422220434257 0.0001896747284077487 -1.2470491461309057 -0.005613108942025633 -0.0002894184483338224 0.9999842044977345 90.6269757358366
0.9998243243220208 0.01792164330006686 0.005489553300385496 0.423426617327988 -0.01792522477887677 0.9998391478689327 0.0006039083928369425 -1.262052473150781 -0.005477847263235235 -0.0007022037776642461 0.9999847499333255 91.48334835364376
0.999749455923241 0.02168360562960723 0.005553974079980123 0.390223122691674 -0.021698514579127002 0.9997610783064275 0.0026383268604152324 -1.2740453955265036 -0.005495438675922736 -0.0027581788307929757 0.9999810961229704 92.35727150039047
0.999734382714674 0.022508847723778744 0.004951342469977721 0.3809639667840755 -0.022537669255034604 0.9997289122086703 0.005844275713309306 -1.2787185850240934 -0.004818452309395847 -0.005954315091615019 0.9999706638942627 93.23962503397972
0.9997615348742301 0.02134986153252166 0.004588768730491894 0.37869842441636603 -0.021376113246773177 0.9997549693622078 0.005750045045610586 -1.2969078975150068 -0.004464881676032754 -0.0058467639004404735 0.9999729397256268 94.10883175936497
0.999761628495199 0.02131863643786496 0.004711892300730182 0.3686626794182223 -0.02133758578298848 0.999764291530557 0.004008592440161271 -1.3035499880013186 -0.00462532394294751 -0.004108177312114816 0.9999808644457131 94.98940315853106
0.999819540197486 0.018500563938282838 0.004314646364328932 0.36693717336777465 -0.01852143341451108 0.9998167091374403 0.004848157778488936 -1.3104526954888547 -0.004224161876110422 -0.004927196316236362 0.9999789393746782 95.87393300082319
0.9998686290421624 0.01587455918047292 0.0032746035130992303 0.3707736730029742 -0.015896228554801915 0.9998511917383172 0.006701066869912921 -1.3194912555597584 -0.003167739742443054 -0.006752240390208885 0.9999721859505082 96.74133726734215
0.9999132948249619 0.01252097249878157 0.004077754280188586 0.3592260030605224 -0.01255434219296915 0.9998870473343201 0.008263235755491006 -1.3243379415260212 -0.003973829939326262 -0.008313712812799419 0.9999575445262067 97.59975090502
0.999937135935895 0.010565557866436027 0.0037540862119123694 0.36532704048826165 -0.01059977317541849 0.9999013663512287 0.009214248616663012 -1.334375866691465 -0.0036563622557354604 -0.009253461833873185 0.9999505010044972 98.50888623262306
0.9999708201211597 0.006360876503062425 0.004230621269228745 0.3643354288308397 -0.006392725826539422 0.9999510047144433 0.007557858630353603 -1.3431160189319058 -0.004182339383355363 -0.007584683294803247 0.9999624896047856 99.37089706424904
0.9999816971903697 0.003533500328030071 0.0049111770172974726 0.36498375642387054 -0.0035631491950344077 0.9999754021994486 0.006041437234592156 -1.3485705285093075 -0.004889708792693597 -0.006058825915751068 0.9999696902288822 100.25771706095796
0.9999873967769366 0.0021529770293816355 0.00453552391595272 0.3747075062770791 -0.002178678590033352 0.9999815553190602 0.005669425126866036 -1.355639079104522 -0.004523234117592288 -0.005679235122685481 0.9999736429734235 101.1601050694527
0.9999868660579767 0.002210744356222964 0.004623885912645965 0.38561413284931717 -0.0022399422143494817 0.9999775264875412 0.006318953926833803 -1.3665964898405052 -0.0046098124059563575 -0.006329228171308045 0.999969344780298 102.0412563521887
0.9999832342331456 0.0028422461304118346 0.005045085682910423 0.39360634874455996 -0.0028859919393461443 0.9999581202311572 0.008684977506659976 -1.3786271461621504 -0.005020189552176267 -0.008699391972964828 0.9999495578658765 102.96293747107235
0.9999748703872146 0.004901345954640538 0.005122050556388068 0.39955797903392265 -0.00495492424593314 0.9999325916858817 0.010500514752493648 -1.38762592615596 -0.0050702386320905166 -0.010525630251113291 0.9999317495649548 103.88550288824747
0.9999716354460804 0.005176578337853416 0.005470954212838571 0.40762409089614926 -0.005226548490675252 0.9999443942628233 0.009159234314282078 -1.4090335635285929 -0.005423236502452915 -0.009187568724168909 0.9999430869238399 104.80787395456433
0.9999682181454937 0.005391500839616319 0.005873194839102838 0.41575978415984965 -0.005430381033408139 0.999963314594023 0.00662423036746277 -1.4072140133486317 -0.005837264834976843 -0.006655913522995513 0.9999608118093537 105.71444715927181
0.9999692970807398 0.0049857110641562535 0.006045459538362221 0.4158104369557154 -0.005011180205364301 0.99997860223227 0.004205133831389779 -1.4200782798698237 -0.0060243645967528224 -0.004235299608674895 0.999972884266584 106.63702848408876
0.9999754928873725 0.004351011107240807 0.005484735818062765 0.43201872945023 -0.004351238230792655 0.9999905328836393 2.9477954283147507e-05 -1.4310192398463413 -0.005484555634523077 -5.334262403957267e-05 0.9999849582889021 107.55786398376452
0.9999724842530336 0.004782277487736158 0.005671028023167643 0.4415471767981528 -0.0047617057495149264 0.9999820545408724 -0.003635485464979456 -1.4472532515723795 -0.005688312154261223 0.003608381665139121 0.9999773110859043 108.46117255741831
0.9999716752552189 0.004483916612418968 0.006045095456299689 0.4380075110302096 -0.0044559056979876655 0.9999793111858865 -0.004639192236449016 -1.468728161947815 -0.006065772141579756 0.004612124457225739 0.9999709669366997 109.34158983109637
0.999972188146421 0.004400120191951951 0.006021783452375902 0.4435642854163458 -0.004374042285487831 0.9999810291948926 -0.004336934908945627 -1.48642587148846 -0.0060407522491587 0.004310474755293635 0.9999724641807138 110.25495656629612
0.9999714286479011 0.00509864581397563 0.0055808331574603185 0.4455354205356668 -0.005077080315319054 0.9999796168615933 -0.003871578077417118 -1.506907035470353 -0.005600459207922578 0.003843133123031308 0.9999769323261711 111.15873581996145
0.9999712350886935 0.005722095498221184 0.004978616102297203 0.4467430372797565 -0.005707608025995337 0.9999794502441244 -0.0029192978739099214 -1.5298186866664265 -0.004995218294172987 0.0028907979113431286 0.9999833454021271 112.05952160036784
0.9999711040796029 0.006113160848197299 0.004518879314181938 0.4495510422703493 -0.006100688909864029 0.9999775579345406 -0.0027686137495104633 -1.5453501479385185 -0.004535702882372854 0.0027409654709523563 0.9999859571552245 112.97862766568178
0.999967879878477 0.006508208881984811 0.004677865804441841 0.4458513262864558 -0.006492798778937997 0.9999734700559195 -0.0033019310009745418 -1.5634646112592128 -0.004699231357590875 0.003271452501167865 0.9999836072772298 113.88131486268279
0.9999739127563407 0.006426622994899064 0.003297320677041209 0.444356824980259 -0.006416368845727897 0.999974575455689 -0.003111053366064465 -1.5830297547820629 -0.003317230411265258 0.0030898153815921785 0.9999897244588601 114.79707790295907
0.9999800209839093 0.005701180427198483 0.002730233460420378 0.44556008350404286 -0.0056954042389273036 0.9999815364402823 -0.0021187612144923378 -1.600345271724185 -0.0027422624905568235 0.0021031691005052957 0.9999940283202536 115.71463381250969
0.9999731920578206 0.00706254329791968 0.0019327824112580821 0.4432986905120767 -0.007059183976018749 0.9999735708326535 -0.0017394130564446452 -1.6196651131258453 -0.0019450160094514047 0.0017257225597343874 0.999996619391471 116.60790432806063
0.9999696518792783 0.007658694287518586 0.001428188445611292 0.4385156645812875 -0.0076545922055743934 0.9999666249462914 -0.0028559082067542902 -1.6350740227728673 -0.0014500133076129644 0.0028448893351644723 0.9999949020200448 117.51631892342348
0.9999659131991607 0.008163722305116135 0.0012353452490127116 0.42672789064477495 -0.008158715403734373 0.9999586959933541 -0.0040052053914606455 -1.6549260631328286 -0.0012679916088941788 0.003994990036511185 0.9999912160873657 118.40577235990114
0.9999530231698999 0.009692816099865265 -2.7738465595052768e-05 0.42519748856183276 -0.009692851073417197 0.9999456187862744 -0.003848130481051889 -1.6744789035369598 -9.562263936485797e-06 0.003848218572897165 0.9999925955337764 119.36134053745485
0.9999548688893407 0.009497591851452512 -0.00023650267429358335 0.4110122821684768 -0.009498616382111734 0.9999434038108315 -0.004792229338165625 -1.6937979621354275 0.00019097465083205137 0.004794259507710601 0.9999884892359792 120.27403654812795
0.9999491831976537 0.010022532067421198 -0.0010862197258997665 0.40675978415359376 -0.010029181554823905 0.999929862579901 -0.006299637948031009 -1.709092705120923 0.0010230052179042686 0.006310211715415128 0.9999795671354647 121.18757054507913
0.999949145377526 0.0099966657651338 -0.001331665245204018 0.3957840815307894 -0.010004199319918899 0.9999332741069396 -0.005776099872737579 -1.7325069284602228 0.0012738346487984988 0.005789128375900714 0.999982431514642 122.08491444503414
0.9999449703119867 0.010303318805574854 -0.0019743275665511646 0.3891084367395524 -0.01031173916526282 0.9999375728944966 -0.0043032951615973826 -1.755445076461593 0.0019298660930324185 0.004323417103501366 0.9999887917778943 122.9929742725841
0.999944164451764 0.010291220657887103 -0.002399740865891159 0.3868951098159939 -0.01030071060774696 0.9999390402341766 -0.003976327014473225 -1.7756211391311314 0.0023586733195370565 0.004000824030268623 0.9999892149754672 123.88396995037756
0.9999483609433504 0.009680737660346637 -0.003091725254219936 0.37232497443413964 -0.009691277638827638 0.9999472155869703 -0.0034125031266752782 -1.8025967591799483 0.0030585265117836695 0.0034422896760557043 0.9999893979724803 124.77263625523379
0.9999335197877287 0.010673698391516672 -0.004362128787648721 0.3955846142720038 -0.010688366784397996 0.9999372551122846 -0.003353304935263601 -1.8148948913326195 0.004326062920874935 0.0033997060392839348 0.9999848634746688 125.72329258283818
0.999928397993562 0.01102175303131092 -0.004660455571528956 0.3807589729462362 -0.01104219919682385 0.999929420826863 -0.004384427185950156 -1.8316245465648753 0.004611802566801949 0.004435574930936416 0.9999795282665129 126.63098427343476
0.9999107311022392 0.01235237883924563 -0.005093973261272509 0.3620568809743903 -0.012378330516419327 0.999910405350252 -0.005094919618406737 -1.8498805172788113 0.005030582491241232 0.005157519685219105 0.9999740462784504 127.52329340286936
0.9998973559104971 0.012650463697558338 -0.006726322280649554 0.36211991637664526 -0.012680334198045439 0.9999098460378817 -0.004416890435839228 -1.8739407638432206 0.0066698401639317525 0.004501729082585436 0.9999676233096028 128.42938073622642
0.9998998704112851 0.012090874411011317 -0.007352544284941493 0.3510705371632508 -0.012131613492461859 0.9999111635094239 -0.005521688446134628 -1.8961619514338608 0.007285129069172436 0.0056103337871936665 0.999957724631018 129.33029869186106
0.9999192179343342 0.010738969229803287 -0.006799422435838958 0.3333981677847378 -0.010787102908042197 0.9999167353136069 -0.007082432535869586 -1.9163703322220542 0.006722798258988282 0.007155206471871063 0.9999518023404501 130.2222612425006
0.9999472050532877 0.007295407021235424 -0.007236307242176444 0.3253415460742692 -0.007346106559219299 0.9999484837295831 -0.007004613145952062 -1.9373414723382125 0.007184832950690685 0.007057402021871575 0.9999492843400475 131.11457409443338
0.999950187575924 0.007591945510435951 -0.006479562503050528 0.3079682504067295 -0.007609868472576141 0.9999672743826264 -0.0027459179899713116 -1.9628525970170865 0.006458503595612261 0.002795089827548966 0.9999752372954851 132.03335464995817
0.9999589284347385 0.006440097022855996 -0.006377036457126469 0.287091636141884 -0.006428770587445744 0.999977724127367 0.0017950369863955092 -1.9860708303209107 0.006388454615427517 -0.0017539667570051552 0.9999780553833382 132.94821914062047
0.9999528288016596 0.0073995018769306645 -0.006291863279015778 0.2751838346852293 -0.007392915393931427 0.9999721001607448 0.0010694400801515857 -2.0025856356744 0.006299601060922954 -0.0010228744204884997 0.9999796341698133 133.8734883611903
0.9999404535325142 0.009193371081806208 -0.005879737862490206 0.25464098830383075 -0.009206620249521305 0.9999551309977059 -0.002230276874900667 -2.022598382854082 0.005858970281593359 0.0022842765834589556 0.9999802270783809 134.77151347407715
0.9999338075192433 0.010175918402555226 -0.005369475274444697 0.230111289131414 -0.010198798031920097 0.9999389548187915 -0.0042510180667258745 -2.0428957511054513 0.005325889480879098 0.004305498875156104 0.9999765485153509 135.66934827841573
0.999935565787037 0.01011350987228057 -0.005155695123972375 0.21418942197094212 -0.010132516869377458 0.9999419155609621 -0.0036739088395899267 -2.0676649299173975 0.005118239544994524 0.003725912281982723 0.9999799604000209 136.56868480746382
0.9999380326389169 0.010541715266485632 -0.0035781449723256867 0.18564073697440206 -0.010550792773104244 0.9999411442567419 -0.0025276064512272794 -2.0877018999372345 0.003551289070429614 0.002565202088241112 0.9999904039960509 137.4639338911405
0.9999294584752586 0.011059489756364222 -0.004331946409560252 0.19836042491601416 -0.011062230187402012 0.9999386261103255 -0.0006091599717736318 -2.1027594561077043 0.0043249435426917495 0.0006570379890427824 0.9999904315364392 138.3920020204772
0.9999346316206139 0.010613149700017751 -0.004253650101079787 0.1965598351123389 -0.010612874692367534 0.9999436780556865 8.721940901877434e-05 -2.1223563512026407 0.004254336199880662 -4.207025211909644e-05 0.9999909493858395 139.2792258911767
0.9999366142486245 0.011000222105103988 -0.0024005413194961413 0.18594674776254858 -0.011001098365998383 0.9999394240857743 -0.0003521274587446155 -2.141688314544464 0.002396522424255942 0.0003785137300687917 0.9999970566994816 140.17522289934175
0.9999510256288643 0.009889375080801566 -0.0003828893888001482 0.16897989625367843 -0.00989010023931143 0.9999492084052641 -0.0019407542188149636 -2.1603765849391476 0.00036367709482832203 0.001944445986033696 0.9999980434324749 141.05203804456744
0.9999491223219259 0.010000370359531947 0.0013211208396286553 0.16001325014380802 -0.009996337932124028 0.9999454615930387 -0.003024411914295597 -2.187824952997493 -0.0013512940270650634 0.003011051668878084 0.9999945537713192 141.94548809045907
0.999951992926772 0.00943054279062711 0.0026602075937628236 0.1652081327003781 -0.00942093105514201 0.9999491315245865 -0.00360283517173146 -2.2094462390730887 -0.0026940489643125136 0.0035776005778266596 0.9999899713868552 142.8549826814025
