1.0 0.0 0.0 0.0 0.0 1.0 0.0 0.0 0.0 0.0 1.0 0.0
0.9999953316818092 0.002363992229642988 0.0019360153218482973 -0.03790016230898615 -0.0023679986713955607 0.9999950543346431 0.0020697556732406086 -0.021581603268442898 -0.0019311128606355615 -0.0020743304926724784 0.9999959839699991 0.49417816718918456
0.999983820699842 0.00529237056300376 0.002085462147719551 -0.03338313418614471 -0.005297261690893816 0.999983215533209 0.002346842653996111 -0.030022631418659004 -0.0020730067833713427 -0.002357851922467302 0.9999950715764493 1.0523302549774913
0.9999761793923271 0.006537585552234141 0.0022137350947423135 -0.02781449845940141 -0.0065413837420584455 0.9999771379321087 0.0017128665593155751 -0.0372574455511761 -0.0022024864725091273 -0.0017273066485512232 0.9999960827248677 1.595571845744121
0.9999580858823632 0.008816285704476028 0.002469733762121779 -0.02847387829586553 -0.008819970636994679 0.999960000439559 0.0014851393475334102 -0.049913393753206886 -0.0024565415610579627 -0.0015068600784911871 0.9999958473795093 2.1201761111663346
0.9999559800122325 0.009029092860213866 0.0025521598491125633 -0.030848214105673448 -0.009031298779225797 0.9999588522014471 0.0008541348412544906 -0.05658551731827339 -0.0025443427705562744 -0.0008771465603788799 0.9999963784603312 2.634822337038656
0.9999534714743886 0.009362860172614921 0.002322011133769701 -0.021905634620175612 -0.009365713307343515 0.99995539539015 0.0012209194797049559 -0.05795086591316426 -0.0023104762629983957 -0.0012426099626969907 0.9999965588040387 3.1486008830599284
0.9999377898824454 0.010784615707189204 0.0028475303434025274 -0.01942416195651083 -0.010794847243074775 0.999935244380381 0.0036025434000603895 -0.05966309590003522 -0.0028084939036725166 -0.003633057940488993 0.9999894565704152 3.6357105385257906
0.999940026867814 0.010442736408541466 0.00330029148634189 -0.010250523345625605 -0.01046918003191482 0.9999123936087402 0.008099467704848515 -0.0728743886046022 -0.0032154217534233077 -0.008133533300129508 0.9999617526180706 4.097141584719237
0.9999464397587843 0.0094869456400912 0.0041370854658545056 -0.003450444418137707 -0.009535125193124053 0.9998850809271665 0.011785852825644084 -0.08181066130130851 -0.004024798290749402 -0.011824669200375372 0.9999219860554226 4.558060324020296
0.999944080337105 0.008657785415590698 0.006072804169028617 -0.010647917291303856 -0.008744829299982966 0.9998572605232238 0.01445636674663256 -0.0944685870020044 -0.00594677721895746 -0.014508663987307725 0.9998770596978471 4.996253116717867
0.9999343464916411 0.008923726588270025 0.007188171541397438 -0.011291110385174108 -0.009024139795873777 0.9998604298640477 0.014060074431926075 -0.09891967910385449 -0.007061700027276844 -0.01412401840357807 0.9998753144751904 5.412614337409447
0.9999234800944566 0.009760287025995075 0.007600707398424027 -0.004390136478863875 -0.009848529961704933 0.9998835155758927 0.011660263169925062 -0.11016828516825278 -0.007486014519062711 -0.011734226722232196 0.9999031290629368 5.803771703793467
0.9999235047196622 0.00964752400331171 0.007740154375005621 0.013544150559617135 -0.009714610207829067 0.9999151641657762 0.00867702828414861 -0.11491695680540435 -0.0076557858939033585 -0.0087515571151391 0.9999323973101419 6.1848433327406775
0.9999314078063959 0.00777886851556421 0.008756077142882216 0.022936785510294197 -0.007838257263439313 0.9999463709864719 0.0067688162969924215 -0.11615760033159188 -0.008702953831122228 -0.006836984394298925 0.9999387552440429 6.545944728921912
0.9999309710629738 0.003761162885530794 0.011131341464618886 0.021194256221321144 -0.0038123544687093933 0.9999822389901734 0.004581228831889547 -0.12319982369245913 -0.011113913012900992 -0.004623349213908367 0.9999275501653049 6.884729435635423
0.9999268089788846 0.0017080633334873728 0.011977445677152726 0.04000955675263143 -0.0017473666483969748 0.999993121166784 0.003271747073779309 -0.1279094687086605 -0.01197177493508823 -0.003292436600379404 0.9999229152620399 7.205078994140601
0.9998859110884191 0.006124275013470496 0.013807898552545264 0.03791076925973313 -0.006144794102494362 0.9999800778357346 0.0014441042488972432 -0.139783286250618 -0.013798779377753612 -0.001528786186208803 0.9999036236060361 7.4925769746323265
0.9998159370384626 0.010483526301881896 0.016068220815468312 0.0422937546504675 -0.010498774803914543 0.9999445122784862 0.0008649229805642339 -0.14964980538323816 -0.016058261783690474 -0.001033460412120111 0.9998705237119774 7.75826186353553
0.9997621040294684 0.010952401075853498 0.018862138193739428 0.05601836368899213 -0.010987226497694506 0.9999381183185003 0.0017436707116459907 -0.1527718078223643 -0.018841873591933005 -0.001950498483975196 0.9998205735806851 8.013297660958694
0.9997599979235897 0.006504108764009453 0.020919921630006194 0.07771062235850722 -0.006543841690226118 0.9999769118047149 0.0018313911226654038 -0.15423424082609802 -0.020907527059718958 -0.001967848240312043 0.9997794771276066 8.242567310221029
0.9997171477767282 0.0019590919666207037 0.02370203366434639 0.07794307924690497 -0.001998469406581457 0.9999966618933759 0.0016377796376942921 -0.157714716420867 -0.02369874598349947 -0.0016846841772346153 0.9997177257996543 8.44154579763521
0.999644718932976 -0.0016860941774735308 0.0266006202151701 0.07833146404662383 0.001596688124305936 0.9999930065312084 0.003381933723986589 -0.16570588493712052 -0.02660613644332336 -0.0033382592925679227 0.9996404201153808 8.621731394843847
0.9995959785714965 -0.0020488854578282405 0.028349280274269847 0.08755341724352546 0.001920006500739304 0.9999877024465924 0.00457258467690444 -0.17293340657468356 -0.028358300349730785 -0.004516306452293518 0.9995876198599617 8.78055504442933
0.9995498626088326 -0.0016578391892598525 0.029955362255905338 0.08794594440909571 0.0015411018308372014 0.9999911303962542 0.0039197109553931846 -0.18194253274211344 -0.02996159481414447 -0.0038717822833137165 0.9995435518966364 8.912910953956827
0.9994566812892499 -0.0003688276196121396 0.03295764239843644 0.08461911015779487 0.00028989886608364374 0.9999970789331637 0.002399600756735248 -0.18522983867731593 -0.03295843116599547 -0.002388742625585879 0.9994538687321919 9.047581385358638
0.9993517132348215 0.0015618778140164976 0.03596823309975566 0.08219466109409845 -0.0016308815110040976 0.9999968855645127 0.0018892026825575708 -0.19420706033968865 -0.03596517037525814 -0.0019466378638077848 0.9993511480560305 9.168303617715143
0.9992561229413046 0.004172192100192853 0.038337886970836635 0.07698534779740901 -0.004247765257311384 0.9999891921452324 0.0018899955153294816 -0.20728810144074858 -0.038329587196163833 -0.002051439935338356 0.9992630456189021 9.286390371029398
0.9991927784959522 0.006171294237782363 0.039695170096211346 0.08288051368951763 -0.006198492351835734 0.9999806311602044 0.0005621361110821893 -0.2105426972931754 -0.039690932139478045 -0.0008077325509716489 0.9992116780112342 9.403773641273098
0.9991185407946738 0.005459799605878152 0.041621292971060875 0.0895123310178657 -0.005418480517130939 0.9999847088674868 -0.0011054863621787765 -0.21372122120295903 -0.04162669226835935 0.0008789877559866288 0.9991328469584618 9.513494171347682
0.9990735754078555 0.003981849215936921 0.04285015517571882 0.10047803864191762 -0.0038843732445384004 0.9999896760844676 -0.002357831415198381 -0.2184672315714674 -0.042859101323508265 0.0021892010659020147 0.9990787280452104 9.617658754283822
0.9990164789280283 0.0031541583389465186 0.04422811453606076 0.10177608244446446 -0.003015401812624403 0.9999903219198473 -0.0032036570591235883 -0.2229240687621134 -0.04423779133445155 0.00306714065815723 0.9990163214212439 9.709324934109565
0.9989484766744803 0.003802586972369847 0.04568896236565433 0.10654269202104742 -0.003599913860102176 0.9999833167445181 -0.004517394474332867 -0.22525041076633942 -0.04570537791039973 0.004348167999798401 0.9989454999473768 9.80265937888042
0.9988934655396537 0.004534607458272201 0.046811129417874305 0.11734753401760606 -0.00423362058457242 0.9999697371779829 -0.006526958322672865 -0.22725308935192604 -0.046839309974886244 0.006321555457276704 0.9988824340119705 9.900347535338494
0.99885920586213 0.004555501149031778 0.04753455873102633 0.12285065893285292 -0.004151470330901868 0.9999544446454732 -0.008594994348982669 -0.23056561350870325 -0.04757154778398388 0.00838785091954967 0.9988326145047474 9.988748683838168
0.998837398682371 0.0036344645847834938 0.04806913417790393 0.1295837251898107 -0.003113802376603992 0.9999357234747747 -0.010901979349759387 -0.23280319332496843 -0.04810566731883923 0.010739626909957853 0.9987845138895807 10.077259850143065
0.9988715381426992 0.0025363750409320815 0.04742591158941278 0.13883377763377136 -0.001943618818845381 0.9999194756921276 -0.012540513445285038 -0.24267953992175972 -0.047453900096010054 0.012434184059924676 0.9987960344496986 10.207094295134748
0.9989497720969502 0.0022552656792267562 0.04576315771627438 0.13779524765443266 -0.0016233842346903729 0.9999029031992627 -0.013840115509495926 -0.24551865360775904 -0.04578992739757376 0.013751289045239841 0.9988564384327314 10.36234372061873
0.9990671205936563 0.002479158021429955 0.04311313401044168 0.14403273823958226 -0.0018536313735480188 0.9998925284734097 -0.014542886707470592 -0.2511155348037935 -0.043144554690349224 0.014449404090138337 0.998964344770129 10.53668308724503
0.999232444702033 0.0028927580543456543 0.0390660134341126 0.1497286750972968 -0.0022808491145943238 0.999874162346931 -0.015698955326504074 -0.2561563248990912 -0.03910651073813303 0.015597801828018424 0.9991133015809688 10.674143716806078
0.9994379096716144 0.0029628790942038572 0.033392904316691153 0.15208460707879307 -0.0024136982471954596 0.9998613751002308 -0.01647436321837392 -0.2621837601715492 -0.033437086775047475 0.01638450274352425 0.9993065141876377 10.823613469833209
0.9996357667272897 0.0024580584499605596 0.026875487496919353 0.14867910993169747 -0.0020123760284003946 0.9998602232479302 -0.016597720003773384 -0.2698204239789369 -0.026912529094472316 0.01653759097510622 0.9995009874244654 10.904617826234766
0.99980350871826 0.002729626826524769 0.019633977998382922 0.152776098350378 -0.0023909884966268366 0.9998483417665046 -0.017250409872923683 -0.2726341838335425 -0.019678087525521096 0.017200075702239758 0.9996584067906282 10.995228814833844
0.9999307236813633 0.0025794603755383955 0.011484520984047522 0.14890914115456338 -0.0023716885339217036 0.9998339388405877 -0.018068476305918586 -0.2752027110404457 -0.011529220769855297 0.01803998688166099 0.9997707917026539 11.084200373820517
0.9999980649181894 0.0011553138046820413 0.0015922970471089508 0.1393568390084514 -0.0011244765753807937 0.9998143925260822 -0.01923320176507159 -0.27842643210982887 -0.001614221888383938 0.019231374046521883 0.9998137569267488 11.173269922796159
0.9999357221815329 -0.0005402882980765063 -0.011325175223722348 0.13001759562652943 0.0003036907832619122 0.9997818884457104 -0.02088260778352941 -0.28124863032492564 0.011333987700770268 0.020877826143722616 0.9997177887275556 11.26798378380839
0.9996246373864098 -0.0016897497485204899 -0.027344635230199487 0.1174188636346516 0.0010707161470534803 0.9997431760650423 -0.022637037754917287 -0.2847587934835038 0.027375863402233108 0.02259926231478512 0.9993697190958968 11.368402543384722
0.998907774526344 -0.001587463812632263 -0.04669837202158915 0.10036172134592133 0.0005030878624256337 0.9997301728389256 -0.02322344543899561 -0.2911467541359507 0.04672263791167859 0.02317458681614173 0.9986390407111457 11.473990264235232
0.9976139367395516 -0.0007525718215582681 -0.06903525808356381 0.0871789660038947 -0.0008414986278421114 0.9997337590393278 -0.023058684202652342 -0.29299097900332727 0.06903423138610434 0.02306175779839187 0.9973476977585 11.599163750740214
0.995695462494062 -0.0007109554397605523 -0.09268247143389717 0.06019005469738331 -0.0013042770198249834 0.9997640883103291 -0.02168101903682123 -0.29502016580835655 0.09267602079388189 0.021708575894841816 0.9954596390122664 11.728034935797409
0.9928914560124237 -9.619936219480478e-05 -0.11902330579852002 0.023304460437798706 -0.0023234166206438367 0.9997934615800347 -0.020189995468573124 -0.29967009562919616 0.11900066517768815 0.020323014724611874 0.9926861622687067 11.864103253954823
0.9887847681057502 0.0008009114686476305 -0.1493453745613599 -0.010858640728758251 -0.0035596744842084846 0.9998279207774623 -0.018205975705393864 -0.3049618355421101 0.1493050939506754 0.01853341238515729 0.9886174697757185 12.007924322416564
0.9832368797464847 0.0007786849706052559 -0.18233110528955102 -0.056702187828853105 -0.0035670289108391154 0.9998816508933982 -0.014965310268881376 -0.3075957666467576 0.18229787330394756 0.015364825297125906 0.9831232921319935 12.16505768425146
0.9757207634282425 0.0018590690128839915 -0.21901035518305706 -0.11050765636579679 -0.0044477541159571145 0.9999259501359277 -0.011327476686729685 -0.30857532778628244 0.21897307893512305 0.012026558409194091 0.975656780120194 12.324958562156707
0.9659484386020473 0.004079587882027556 -0.2587024756838934 -0.17622025748174422 -0.005772792276609877 0.9999665998678514 -0.005785673518419831 -0.3118876915648557 0.2586702318234435 0.0070820979549465835 0.9659397264099683 12.495848998316125
0.9538272327684192 0.007975191252772348 -0.3002499065009293 -0.2578840288204652 -0.008737976227011892 0.9999611057697899 -0.0011977976111681116 -0.3110221056709398 0.3002286758469143 0.003766068526044292 0.953859821424022 12.672478422539879
0.9398801837096791 0.011736710673372737 -0.3413026368084845 -0.3554643254952546 -0.011462430466825761 0.9999303268222541 0.002820317169315921 -0.3114492608347885 0.3413119584158286 0.0012613975233444826 0.9399492305005845 12.836377681806255
0.9228648753080333 0.014479494743182955 -0.3848516157620562 -0.4497714856315118 -0.011992336994338793 0.9998888176879829 0.008862060479581073 -0.3183604878318102 0.38493714522776057 -0.0035632140704273518 0.9229359120379873 13.017140158265585
0.9035538785719908 0.018190650661448583 -0.4280881787038981 -0.5540076534547578 -0.012468916883291532 0.9997915697636172 0.016166110891671862 -0.31373912108277974 0.42829302425940335 -0.009269156278617366 0.9035923683346477 13.203014108681531
0.8812353907367237 0.02231706398194687 -0.4721505424844016 -0.6808218967197228 -0.013045664884971307 0.9996526030079276 0.02290161407381304 -0.3126633554674667 0.4724976155927129 -0.014022195074330314 0.8812203931506007 13.39897449300538
0.8568750468938862 0.027381074467223834 -0.5147964945214916 -0.8294465370987056 -0.015440013315334266 0.9995036001841023 0.02746195928630043 -0.3117787122202303 0.5152928875886207 -0.015583002921148592 0.8568724584327245 13.575233191525726
0.8282398487152043 0.030718189709749422 -0.5595311839577554 -0.9764832961057022 -0.016248169367461207 0.9993930206266375 0.030815374652479556 -0.3107715679451915 0.5601381525948927 -0.016431163796952062 0.8282362385599048 13.765053862674023
0.7980258728493175 0.03464266531135165 -0.6016266217540633 -1.140952163211155 -0.019021047889129256 0.9992968597948026 0.032310768196476894 -0.30943495091726503 0.6023229250163754 -0.014341260208667972 0.7981236885692258 13.924283305073093
0.7646891942381827 0.03694992287658208 -0.6433390547874188 -1.3313458858005862 -0.018787381130621228 0.9992086726204956 0.03505799295796143 -0.30394000908776786 0.6441253531150669 -0.014721812368128185 0.7647782670258023 14.097385653768196
0.7278583307469896 0.040574420969866805 -0.6845260891486633 -1.5358633066549896 -0.01985910371446491 0.9990764712783587 0.03810276286099485 -0.289752837208926 0.6854399071850593 -0.014139338773193183 0.7279919043074543 14.273952816958678
0.6890430749333578 0.04166725873095183 -0.723521582564217 -1.7563499356071595 -0.017463637884809584 0.9990105709411247 0.04090110633854067 -0.27808363298861777 0.7245099462658953 -0.015547305159939994 0.6890889776103323 14.448454943808889
0.6484291954270396 0.041184813550927644 -0.7601601079053119 -1.9877502593581946 -0.014091361543410218 0.9990137925053608 0.042105533055755345 -0.27275274089347556 0.761144540838134 -0.01659076601099995 0.6483700597926111 14.61426058567684
0.6053499643661779 0.04015337294299795 -0.7949459901673608 -2.240126719640588 -0.00883004415461548 0.9990040806505436 0.043736451202515486 -0.2629578108826157 0.7959104541103187 -0.019456450983234907 0.6051016406795167 14.789017755534879
0.5613427873597007 0.04013444591189376 -0.8266096426552169 -2.5094744378709044 -0.0039979059467542604 0.9989432329676037 0.045786832782719805 -0.2540962178997912 0.8275737379999936 -0.022397400732610546 0.5609100325481269 14.941895569014651
0.5154525498540689 0.04166542665871067 -0.8559045864290505 -2.8007966472845225 -0.0017861017859570815 0.9988673000302621 0.047549203680659194 -0.242162027526277 0.8569162611885413 -0.02298062557029829 0.5149431154594158 15.08198892102561
0.46657551806536446 0.04131594257080831 -0.8835158622410352 -3.1053842957617133 -0.0008938112170542778 0.9989299106929862 0.046241049127490295 -0.2278929340236526 0.8844809138944405 -0.02078524506442952 0.46611316924548185 15.209839670945936
0.4150421960959918 0.04034517695738439 -0.908907169163106 -3.428172971802348 0.004572242313103705 0.9989111657749504 0.04642819714742344 -0.21696148420828637 0.9097906737596546 -0.023425404722376007 0.41440581602282905 15.330118270395776
0.36156082935147493 0.0392949732912142 -0.9315200866072151 -3.762440414129414 0.010415244343320185 0.9988788830027374 0.04617899713584822 -0.20612546069819368 0.9322903460638979 -0.02639852581578242 0.3607462106118528 15.442171987258835
0.30779092027517296 0.03819427850228803 -0.9506870917845939 -4.110271022856158 0.012724146666510101 0.998939350007861 0.04425235697091867 -0.1912276713909666 0.9513689323746973 -0.0257171556662506 0.3069784722365182 15.530527851972458
0.25553290333238654 0.044202832256613166 -0.965789337762129 -4.493545688885548 0.013500060552464242 0.9986937259686138 0.049280727226851416 -0.17238981568591627 0.9667060999495146 -0.025631061847322695 0.2546023664245442 15.598966883358683
0.20420372232096892 0.04947347239819273 -0.9776774597581367 -4.893454744290203 0.016492957647100032 0.9984064897560561 0.05396724526081998 -0.1561644801103952 0.9787894677295581 -0.027145105301984516 0.2030623577126807 15.664897905249946
0.15584456501254543 0.05104669317961455 -0.9864617106971127 -5.305684252996345 0.02257515604921665 0.9982188827352896 0.05522159432743816 -0.14302195806210413 0.9875235864957371 -0.03087551240282447 0.15441460050286407 15.71644275628907
0.1115403044573815 0.05284422225410441 -0.992353892850686 -5.737180066261972 0.025819314799717684 0.9980939531843486 0.05605197231242419 -0.13190538068068627 0.9934244427558782 -0.03187395160940258 0.10996330180552871 15.75058004135631
0.0714585358515478 0.051019428000494235 -0.9961378898628707 -6.184285732419942 0.025953556528682847 0.998257729568276 0.052989793929625634 -0.11218537598477521 0.9971058572475966 -0.029639894124205295 0.07000990014876737 15.763871949328953
0.03689071751419779 0.046516642318068714 -0.9982360827723759 -6.627960581743874 0.022716835666498368 0.9986188709437988 0.04737400101568873 -0.09013771852277211 0.9990610693739339 -0.024424425937696233 0.03578305575303784 15.754079689913038
0.00815276827031074 0.04654814079593507 -0.9988827773858002 -7.082253150952841 0.020605343730876746 0.9986960589764268 0.046707618165418074 -0.06911473795246756 0.9997544459412335 -0.02096311936224818 0.007182997100173775 15.743408192622384
-0.013654950009887406 0.05071906969099897 -0.998619606411723 -7.57191294380582 0.019577856604648735 0.9985348274865408 0.050447059648628806 -0.04774319652124352 0.9997150843470327 -0.018861979379271927 -0.014627913825991977 15.733520515727585
-0.02651730484054059 0.057195304477600226 -0.9980107863593991 -8.074901324830797 0.021444577321663827 0.9981646567533646 0.0566343368631877 -0.030081220952126782 0.9994183121433631 -0.019900129500895775 -0.027695165613488715 15.706912204142734
-0.0351975165976383 0.05990928717097004 -0.9975830853297497 -8.615434958194154 0.02098013535986581 0.9980259063750154 0.05919564278399856 -0.005761658300943478 0.9991601316834255 -0.0188458885435332 -0.03638493835866782 15.68280202739294
-0.03934542347605559 0.057217849195640755 -0.9975861142702981 -9.151392509869165 0.02222981000566935 0.9981622075356226 0.05637413409290709 0.01472417145915889 0.9989783647299881 -0.0199580856055414 -0.04054505666983588 15.660742788721217
-0.03864652163523964 0.05351492350317 -0.9978189211114129 -9.704576314053849 0.030414724868057387 0.9981652396515243 0.052355504606630444 0.03727829324929684 0.9987899633439945 -0.02832502981224111 -0.04020325620442105 15.64821946144229
-0.03469976934973907 0.05195847694127704 -0.998046212698097 -10.283243071132596 0.04280263564942611 0.9978085633437355 0.050457955758950256 0.0636151375981147 0.9984807761737519 -0.040968128976710774 -0.0368476867606389 15.639927422136836
-0.029895936691877484 0.052202695854386985 -0.9981889157443329 -10.88286825392228 0.04363496039270105 0.9977514389845781 0.05087294207857442 0.09096437450003726 0.9986001317849116 -0.042035039547226004 -0.03210657642011105 15.632915905591968
-0.02497000283816718 0.05052726784839998 -0.9984104838001426 -11.502154607842886 0.04205113512141987 0.9978910109653782 0.04944928987856206 0.1140110002174867 0.9988033845523664 -0.04074954525230849 -0.02704207034359629 15.619987570699578
-0.022774874936045242 0.04390624869945296 -0.99877602413994 -12.144020106541076 0.0464455792735742 0.9980029259665346 0.04281317470331029 0.1402390857376584 0.9986611603730219 -0.04541366630625132 -0.024768642979270745 15.623007873604719
-0.02074914908250297 0.03289215759788244 -0.9992435032467838 -12.742091866458164 0.04450325728227282 0.9984984081834113 0.03194352745800522 0.15529479328985388 0.9987937389189124 -0.04380678969918158 -0.02218180048218715 15.60754129176375
-0.020373096591021368 0.0238284688252381 -0.9995084496935155 -13.32865782206116 0.036549018758946304 0.9990654680008397 0.02307292517258726 0.175050044012073 0.9991241695420303 -0.036060986144392716 -0.02122496443442571 15.592171589340762
-0.021738614897994238 0.020738096108677287 -0.9995485801060903 -13.923728985399075 0.030800582255009794 0.9993241601541422 0.020063575577883297 0.19206786180178226 0.999289125706404 -0.030350523916469096 -0.022362668510860082 15.570572650319106
-0.025240163360971762 0.027396892514812702 -0.9993059313513759 -14.536246901644681 0.02188936489537546 0.9993998779939349 0.02684659326960069 0.20048797016394482 0.9994417391013791 -0.021196559773650498 -0.025824716760758325 15.542002781160159
-0.03116718713418612 0.03561682828190964 -0.9988793961181087 -15.171370990838904 0.016896828209496298 0.999240867711619 0.03510249978829875 0.2168787949335143 0.9993713542235447 -0.01578384737843113 -0.03174533854494115 15.524928086551602
-0.035640623172573084 0.04562165244004078 -0.9983227989024936 -15.837868015905979 0.015631172634356493 0.9988607116374748 0.0450881934562799 0.23532150483951922 0.9992424192466737 -0.013997984701949538 -0.03631313815051437 15.494082284788076
-0.03718763080505204 0.055749901207495206 -0.997751987535209 -16.54466389836045 0.014150847606201014 0.9983718769461205 0.05525711569658443 0.26196911370372516 0.9992081032633456 -0.012064155106516213 -0.037915993122067226 15.456321689766128
-0.03866720567315331 0.06428332966877624 -0.9971822805947386 -17.28209282414708 0.01699025014501973 0.9978266212566718 0.0636660452007466 0.2894856773837003 0.999107691195218 -0.014480588323310145 -0.039675357041506654 15.438289777661517
-0.03923100967730811 0.06496665847997807 -0.9971159717734158 -18.013028880492644 0.01750180441784131 0.9977757712145248 0.06432104802767963 0.3261954819648559 0.9990768812868294 -0.014927949062253455 -0.04028078468669788 15.396226481765979
-0.041234318970371005 0.06214548715599742 -0.997214956448805 -18.741105957855748 0.016126874391786093 0.9979751860823713 0.061526026088208 0.36222265150319216 0.9990193465901451 -0.01354497655955768 -0.042153039612817016 15.36152775781852
-0.04372753854661772 0.05722002672360808 -0.9974035145889563 -19.471105324688942 0.015527096328030312 0.9982767900186827 0.056589396441506123 0.3949480633104167 0.9989228256738721 -0.013012265434710747 -0.04454064768256573 15.319340793645265
-0.048826269662311454 0.05187227263253228 -0.9974594040475022 -20.194260854030237 0.016496243160887287 0.9985561750393426 0.05112180799202003 0.42333992010852206 0.9986710516243272 -0.013958245689636333 -0.049611470698091395 15.288227049893315
-0.055220561285343105 0.047571283601674445 -0.9973402942766424 -20.90150182236679 0.017294097139007487 0.9987601086348202 0.04668146959883402 0.4445514089140715 0.9983243980868531 -0.014670322976992462 -0.05597479618785977 15.25662603722734
-0.06281870824499422 0.045526034339404615 -0.9969860531079441 -21.622141506446397 0.016412023403099493 0.9988710858983717 0.044578013011147576 0.47031523189454233 0.9978900016445931 -0.013562225242680706 -0.0634949656604391 15.222028561475396
-0.07000423805210602 0.04802116010920838 -0.9963901719891202 -22.342068034433886 0.017288964313937446 0.998749012703161 0.04692015917930572 0.49385137438917415 0.9973968610175665 -0.013941944133644918 -0.07074689976302002 15.175337358003654
-0.0765733353792548 0.05338338711355137 -0.9956338374569134 -23.069939421013835 0.016560308272949145 0.9984960254872951 0.05226321149698218 0.5156047517082231 0.9969264167925336 -0.01248603485330825 -0.07734221638174632 15.114027229278394
-0.0819650858863313 0.05627487537246163 -0.9950451563107369 -23.815403243887562 0.013455199521097597 0.9983760773396259 0.05535490765764758 0.54557590588192 0.9965443704629983 -0.008851361350271883 -0.0825891706021625 15.036628599594755
-0.08664659158952956 0.05847182504501515 -0.9945217010411694 -24.55792265992432 0.009771279696576866 0.9982779669534597 0.057841358804536384 0.5747981350916406 0.9961911916188623 -0.004705993111866037 -0.08706872785232662 14.965859286691405
-0.08921732326568423 0.0600502917611855 -0.9942002975702137 -25.303873930504903 0.0052612614332552265 0.9981953472062665 0.059819461247061605 0.604283016534674 0.9959982873265584 0.00010618452912340783 -0.08937225725810238 14.889963230706018
-0.09089508861859563 0.06100296207120238 -0.993990302509816 -26.05650730076168 0.000990107033741763 0.9981270975533427 0.061166304594920305 0.6413371578257683 0.9958599813995337 0.004575559886643688 -0.09078525044655865 14.815269207407088
-0.09340208337271812 0.060567774218277595 -0.9937844814384446 -26.806227117729023 -0.0004611031920339676 0.9981451761829742 0.060876881051041776 0.6736096558448958 0.9956283634998966 0.006144264715988055 -0.09320091096989228 14.744635979833019
-0.09461568259939353 0.05964755489236268 -0.9937253351915771 -27.552685838316137 -0.0008442498694348988 0.998198235192385 0.05999642073459349 0.7057177380424589 0.995513515653308 0.006515554785816397 -0.09439484995180766 14.668823287476773
-0.09676756308650622 0.059174355268487036 -0.9935463926827256 -28.304005066037035 -0.0013343687856902638 0.9982224737683004 0.05958281903229444 0.7357331158187503 0.9953061128086389 0.007091441493113502 -0.09651659579215889 14.606048773158756
-0.09697539407162178 0.05851138731437329 -0.9935653931670525 -29.066912329090446 -0.0035358821626427597 0.9982439088952355 0.05913202085916303 0.7669138909484371 0.9952804983932848 0.009247481176190422 -0.09659820707399545 14.515262215395664
-0.09737302758804776 0.0556516108660424 -0.9936907928054635 -29.8333409636884 -0.008132419713835728 0.9983575778467612 0.05670988014042926 0.8026711775761431 0.9952147292157281 0.013603123316300153 -0.09676051771309577 14.429488228735181
-0.09836807316708682 0.05093061280949456 -0.993845961334171 -30.584484893156578 -0.013210754817179168 0.9985346703369009 0.05247845360081654 0.8272222813074621 0.9950624091676634 0.01829165968473366 -0.09755109967305854 14.360823733114191
-0.09752699869641328 0.050102536710762625 -0.9939709353599908 -31.34389073651693 -0.014852602931224914 0.9985475151246148 0.051790541845210064 0.8607482056776593 0.9951220451338803 0.019814031735107807 -0.09664118912225325 14.275545145239928
-0.0960871375112402 0.05458614588475282 -0.993875049833903 -32.11763941252991 -0.015097689870910492 0.9983003693348926 0.056288829676723454 0.8876495923752796 0.9952584195903375 0.02041384979032399 -0.09509970016398779 14.197579539919975
-0.09406503071555823 0.05795760061643861 -0.9938776013812088 -32.88960476406959 -0.014615011723894353 0.9981160615271402 0.05958799504813859 0.9155464801008114 0.9954587743491892 0.02013067938078614 -0.09304076697274476 14.112390733974031
-0.09279291632642571 0.05743994964148897 -0.9940272264202923 -33.66502823940894 -0.012643315293042709 0.9981861470999106 0.058860532755255185 0.9521867403160503 0.9956051532902168 0.018029640124390168 -0.09189837223230579 14.039651920805458
-0.09008237352792717 0.05679628813949584 -0.9943135057079076 -34.426396990971156 -0.011630528979667354 0.9982444990855158 0.05807452833348612 0.979383934116231 0.9958664050841491 0.01679588339680813 -0.08926366296367638 13.961563705576152
-0.08617039293604238 0.05754059997923841 -0.9946173850960358 -35.20336972062087 -0.015823384733451618 0.9981257945476281 0.05911445469798168 1.0071836305109154 0.9961547489606336 0.020832129336481278 -0.08509840486450386 13.885569802514404
-0.08070782222156689 0.058840459680222265 -0.9949995214756995 -35.988802278069485 -0.02055775575495583 0.9979454152802425 0.06068217859849507 1.0337884464792195 0.9965257779458442 0.02535248362114241 -0.07933237336465057 13.80952333623477
-0.07503172760252802 0.05915231951413738 -0.9954251568797507 -36.78257464169796 -0.024046237940445175 0.997841439548478 0.061108427902611326 1.059195117780613 0.9968911767559636 0.02852130109084545 -0.07344737633294998 13.740413879068054
-0.06978399813987687 0.05820519726590561 -0.9958626153314772 -37.58919699227704 -0.025398957339997634 0.9978690344860782 0.06010227100416664 1.0969073022462126 0.9972387309815305 0.02948804885126279 -0.0681569395240947 13.678250167657161
-0.06345524198390705 0.057167405612306446 -0.9963459840840032 -38.397885674386224 -0.025075244605817806 0.9979514731436603 0.05885651500345338 1.1325252741782412 0.9976696168435325 0.028718373664807204 -0.06189176553731927 13.615555779392588
-0.058322163983407595 0.05684148815110472 -0.9966782682556388 -39.20999974471445 -0.02296970408180494 0.998036976129245 0.05826308413722774 1.1659853063129197 0.998033525430226 0.02629143403383154 -0.05690204402091414 13.568904485044516
-0.05331863813132615 0.057203106678589924 -0.9969377750963886 -40.022064262258795 -0.021805740139497033 0.9980531327810612 0.0584333281858316 1.204228363094211 0.9983394375285325 0.024854551539354397 -0.051967477743184914 13.5290674107807
-0.04744022968762031 0.05934258951429416 -0.997109764106702 -40.83724614505486 -0.02082909708703482 0.9979578715197174 0.060384065666119924 1.2349959364102254 0.9986568846814812 0.02363353002768596 -0.04610729808507516 13.481414515766462
-0.04261264776650287 0.06099242384507317 -0.9972282018093102 -41.66847371544484 -0.021239410310725758 0.9978539657325679 0.061938279936048765 1.269778379016602 0.9988658817378719 0.023819893057837657 -0.041225756448279104 13.448294990467984
-0.038441990550186086 0.0598999576101689 -0.9974638882891141 -42.510492026806254 -0.020797454935606054 0.9979375438708343 0.06072993002830823 1.3078980470032546 0.9990443830134563 0.02307928966285344 -0.03711693896211677 13.428349511872968
-0.033499285017093434 0.05562571883930146 -0.9978895616785224 -43.33971137525446 -0.021008400790639144 0.9981901524594936 0.05634772958255009 1.338663296899363 0.9992179166726144 0.022851672509893957 -0.03227004902285356 13.397173569461916
-0.0298774940303212 0.04985696282459034 -0.9983093802065443 -44.16888193651754 -0.020698071609564855 0.9985102445122693 0.050486448039932956 1.3755689195245013 0.999339244292002 0.022171487589944888 -0.028801040882851615 13.373952810845
-0.025463859996646267 0.049018896999975727 -0.9984732042328307 -45.01681025542587 -0.020906764041672743 0.9985525088456048 0.049555971339990595 1.4108322033783065 0.9994571021566526 0.022136729999032503 -0.024402174771383314 13.337134228810484
-0.022351721423679593 0.05177012849784914 -0.9984088613111934 -45.864425130395794 -0.020334352256028757 0.9984282252372195 0.05222636468279113 1.4357164154309978 0.9995433530706517 0.021469346635806245 -0.021263877522826567 13.315324718750233
-0.02045111684696103 0.05175154515499841 -0.99845056432143 -46.69572016787141 -0.020752007946807583 0.9984223098599337 0.05217514101682989 1.4606656574552106 0.9995754628770571 0.02178689395073731 -0.019344902845242696 13.295756345239111
-0.01952063156542276 0.051608675040383314 -0.9984765844043929 -47.52677127967731 -0.02262882722790334 0.998388249503208 0.052046512200205015 1.4904098774818206 0.9995533408085694 0.02361033490852209 -0.018321325386850214 13.270319665634831
-0.018372487812767905 0.052141860724243816 -0.9984706696001555 -48.384887265314234 -0.024346393696975298 0.9983197832018347 0.05258197012084 1.528509100254179 0.9995347441712659 0.025275221622186324 -0.017072151780836035 13.2436238909903
-0.017162621652251155 0.05203647803862366 -0.998497696227366 -49.23175374134518 -0.025318973524923356 0.998301930178608 0.05246146949242348 1.552728856243294 0.9995320875277908 0.02618131308769998 -0.015815968112577794 13.222681076765467
-0.017245076891612438 0.05024028663505645 -0.9985882639615936 -50.071295898787604 -0.025520849823344446 0.9983892704514299 0.050671006223976495 1.575904327509589 0.9995255342147562 0.02635864651842877 -0.015935124926401423 13.219705029339892
-0.017410617010936682 0.0489285995171195 -0.9986505207351527 -50.917350070901755 -0.023737748022868814 0.9985001598425273 0.04933507994565956 1.606185436184703 0.9995666009496809 0.024564668606258014 -0.01622304910192879 13.209625444288232
-0.017319919342568872 0.04907916338916723 -0.9986447096515287 -51.76010593876338 -0.020027207161327814 0.9985771177355153 0.04942318189212549 1.6322903552723083 0.9996494042249419 0.020856070004782415 -0.016312356564015255 13.19359926875296
-0.0172826350319135 0.04976820502054374 -0.9986112538397443 -52.60110023922807 -0.01802714930721438 0.9985825650229433 0.0500787651609726 1.6576647614661129 0.9996881175717788 0.01886760719396389 -0.016360959157866856 13.177636650085672
-0.016376741298864135 0.05234467465706732 -0.9984947858549262 -53.46348124860681 -0.01797501596240088 0.998451911437529 0.05263724297386582 1.6903605543888875 0.9997043068555717 0.01880998622498905 -0.015410492290462034 13.151299523753202
-0.0165899826484081 0.05647240383696344 -0.9982663172122958 -54.333922986337676 -0.019546967109678758 0.9981945948807769 0.05679319349718499 1.7177229690734364 0.9996712902512186 0.02045527696391915 -0.015456166788401886 13.133162295392495
-0.017072030111303184 0.05608596088833622 -0.9982799761485304 -55.208827858739255 -0.021154089443932468 0.9981817378399622 0.056442207102353474 1.7564801605189129 0.9996304568627721 0.022081286964736907 -0.01585454125177669 13.122740861763724
-0.016816606123644186 0.053814571781592685 -0.9984093316984001 -56.046658637954316 -0.022652877686991826 0.9982737197794054 0.0541888137006307 1.7877762985394146 0.9996019452216854 0.02352811640883064 -0.015568521036769842 13.104140059626763
-0.01719937420855938 0.051558877290163174 -0.9985218393702823 -56.879190759348 -0.02234257246266602 0.9984003758364777 0.051937452626453454 1.815330576770758 0.9996024164549532 0.023202838234851104 -0.016019903722029435 13.08767558852495
-0.016123487260795565 0.05075729723505501 -0.9985808579859434 -57.71355477014886 -0.020403096885305793 0.9984860298090392 0.05108191376275773 1.8427607851202656 0.999661816213882 0.02119776057911416 -0.015063470728585994 13.057487204249103
-0.015972694165326963 0.05223995037711075 -0.9985068155128924 -58.55856126509289 -0.018090123855904087 0.9984556565233983 0.05252665395113079 1.8711341582243612 0.9997087678218972 0.018902104142686182 -0.015002999666741467 13.04262431330604
-0.016582028551150412 0.054737275044043764 -0.9983630937939768 -59.40041018971626 -0.01720437022951515 0.9983369341411832 0.05502159189430094 1.9031552312844626 0.9997144822268663 0.018088577896840843 -0.015612731200385302 13.034217959033311
-0.015404644803102652 0.057606932274529225 -0.9982204858008111 -60.24599629488503 -0.017981892534355958 0.9981615290594126 0.05788102838281647 1.9298557167226744 0.9997196349273979 0.01884153018434247 -0.01434044214588832 13.010299878059852
-0.015683386633955826 0.0577501509710182 -0.9982078698580341 -61.07697460809907 -0.019153836772744345 0.9981301137938603 0.05804658882942439 1.9582728576038688 0.9996935339995803 0.0200298776999284 -0.014547923520324009 12.99339154059966
-0.015683413002914596 0.055904455311606115 -0.9983129381275653 -61.9095030865343 -0.017661107751800624 0.9982644855688069 0.056179196550128284 1.9860143974680282 0.999721018999579 0.01851239391196013 -0.014668859604254484 12.975741801452697
-0.015483032593188333 0.05488972268059656 -0.9983723724371408 -62.702940486552095 -0.016050576762156987 0.9983497616139316 0.055137396302341574 2.009912486272102 0.9997512964169227 0.01687814650507698 -0.014576470191132687 12.962864248601019
-0.015069279543796664 0.05628880994276809 -0.9983007997038055 -63.52005139075705 -0.014534007787990832 0.9982963559460684 0.05650794919666672 2.037363662750214 0.9997808156949437 0.01536084568054874 -0.014225504853220714 12.946069585226933
-0.014853933125742022 0.05891178661562173 -0.9981526747288971 -64.34718630183114 -0.012336205313970587 0.998176032924761 0.05909674553671967 2.073566907131824 0.9998135719768685 0.01319123543630102 -0.01410009214568052 12.930220940440364
-0.014267632251260928 0.06130660050933665 -0.9980170015605604 -65.17587414471541 -0.01052803565892608 0.9980540588573432 0.061459385479693374 2.1116678172640424 0.9998427852093068 0.011384038491061635 -0.013594430202365794 12.913768959462205
-0.01534976211706889 0.06330549372441147 -0.9978761442520099 -65.98852544765298 -0.010357661299228358 0.9979301082505756 0.06346824323550034 2.1412742355902727 0.9998285371279193 0.011309885556401654 -0.014662292908729934 12.912387189172376
-0.01554954780580107 0.06640972248268327 -0.9976712686665926 -66.8328248493078 -0.012968550500368015 0.9976945783428138 0.06661339987772087 2.1684098873638935 0.9997949931165635 0.013974158476380663 -0.014652461701798673 12.894394389294202
-0.014647925754964734 0.0660739241150512 -0.9977072089661956 -67.6689995902629 -0.015813606433552254 0.9976741563068608 0.06630390402497827 2.201516917488081 0.9997676570696991 0.016748563801937268 -0.013568989937754844 12.867737696433096
-0.014771724129800943 0.062095681681577676 -0.9979608822407487 -68.49851585658685 -0.018186448885307877 0.9978879902260251 0.0623603402781125 2.237997491921384 0.999725486942875 0.01907053431764257 -0.013611226163160696 12.852719551294472
-0.014625079963639487 0.06028697142821326 -0.9980739392009347 -69.30806011296742 -0.018697252785737018 0.9979896796827628 0.0605558583867701 2.271670365172422 0.9997182201872269 0.01954687501127513 -0.013468478123768272 12.836580965438356
-0.014930662119879553 0.0585754707298176 -0.9981713227484761 -70.12513208575777 -0.018309121653154806 0.9980992082200479 0.05884510697414907 2.3092601900753498 0.9997208867443679 0.019154236588536717 -0.013829816620570538 12.825416712740004
-0.014714736670538292 0.05860565400784039 -0.9981727575139636 -70.93721020317525 -0.017246607234804746 0.9981174526087294 0.058856650743518334 2.344812076034732 0.9997429825028021 0.018081153618331305 -0.013676286784994583 12.808837382531905
-0.01570560680411307 0.06066199327905561 -0.9980347972322038 -71.76742592641483 -0.016409838802588922 0.998007837022699 0.06091858855670942 2.383633883845045 0.9997419922686961 0.01733435354089287 -0.014678865144549563 12.801591130474764
