1.0 0.0 0.0 0.0 0.0 1.0 0.0 0.0 0.0 0.0 1.0 0.0
0.9998568266673944 0.0013812824303448242 0.016864703538919234 0.00030377488889933016 -0.0013684272812354292 0.9999987643443177 -0.0007737678035121422 -0.003040462365966914 -0.016865751491824635 0.0007505789001844441 0.9998574813731859 0.06049866080563598
0.9992460397385501 0.00405905774058294 0.03861186497804584 0.017492206446619727 -0.004050251237416117 0.9999917507891156 -0.0003062982746922653 -0.0024216425410057115 -0.03861278974301183 0.00014967958405873318 0.9992542369508794 0.13677719700610347
0.9978279027135818 0.005459782073778591 0.06564805668047319 0.03372608149308305 -0.0055358580948599015 0.9999841997525198 0.0009769956322416991 -0.00012438370235321426 -0.06564168524169184 -0.0013382918286661371 0.9978423613645656 0.2279690571505535
0.9950140524213064 0.005355815114645872 0.09959091689801718 0.05969012220662279 -0.005720562451093996 0.9999779344416915 0.003377246655334073 0.0014826662146951745 -0.09957063146015105 -0.003930123940226779 0.9950227351555548 0.3221929371868679
0.9905011660165596 0.0020022913832149535 0.1374897485234936 0.09250384012172908 -0.00279311171896648 0.9999806469352693 0.005559161973291673 0.0022627950229211794 -0.1374759566133739 -0.005890380644458772 0.9904875894069051 0.4241814535592805
0.9841205612309615 -0.0005079140905237723 0.177500599958803 0.1298333839887174 -0.0005116618257789843 0.9999836339436052 0.005698249478325755 0.004785374520222341 -0.17750058919517567 -0.005698584755695489 0.9841041951781062 0.5372928875902191
0.9752460718430553 -0.0005832809372088963 0.22112159355892713 0.1638298898672691 -0.000984600694599697 0.9999751526986901 0.006980297035446328 0.003224865371217003 -0.22112017075826312 -0.007025223738725586 0.975221265311241 0.6315544722897528
0.9633611039629032 -0.0006980156167731608 0.2682068159938828 0.21898127308643422 -0.002128491410023441 0.9999452263398031 0.010247626288886093 0.0017848940610917091 -0.268199278328066 -0.010443040478613073 0.9633068514289033 0.7398189014388783
0.9488776221920779 -0.0045971276078826595 0.31561071673957125 0.28141708453717945 -0.0010085183584741463 0.9998446760246914 0.017595644796354316 0.0012598276013960268 -0.3156425842528695 -0.017014412797263765 0.948725602460129 0.8655346778159758
0.9320345363291869 -0.014292761144754184 0.3620874757133934 0.3637813319263206 0.00535946616778775 0.9996562565799751 0.025664076116360398 0.001610874232685339 -0.3623298210360758 -0.0219792097075629 0.9317907571598875 0.9907051622534323
0.9106314204688388 -0.01952355063690901 0.41275809746803727 0.4444186351926276 0.007931639977313179 0.9995250406645068 0.02977888802298872 0.003498738603823758 -0.4131434437845726 -0.023843742473519083 0.9103537613492243 1.1141565011429064
0.8853076748961469 -0.02031264177454041 0.4645618552508563 0.5371904887803584 0.005174116789192141 0.9994139222689534 0.033838446927087644 0.009359558151105363 -0.4649769341434371 -0.02755373947624453 0.8848939157636043 1.2448789742857187
0.857288316875951 -0.02261408687107342 0.5143397173298851 0.6479626126355453 0.003260183924814293 0.9992532665645452 0.03850039559356532 0.012672733139013152 -0.5148262939562968 -0.031329097259133236 0.8567218771084069 1.3704788547933857
0.8251185402132684 -0.027590727403382236 0.5642855184724102 0.7652922877917692 0.00417184284314032 0.9990771064062947 0.04274963370739572 0.015722576152966357 -0.5649442364726069 -0.032919404857571014 0.8244721477771132 1.4948456475112126
0.7893118321325109 -0.0333340197069537 0.6130870042545306 0.8982027775668484 0.006444700002238001 0.9989199639754028 0.046014904251340125 0.02030356932006014 -0.6139587099288513 -0.03236894656233562 0.7886741746760475 1.6225176545354711
0.7507869660837765 -0.03716101330131527 0.6594982870706618 1.0420275701506567 0.006999990371824025 0.9988077993637348 0.04831128299855687 0.028544085777431227 -0.6605073290233137 -0.03165499993037169 0.7501520041204287 1.7524332741090547
0.7122338660099488 -0.04030645108639059 0.700784068104678 1.201974595492182 0.008216892040491256 0.9987603734941244 0.04909377784476193 0.03593685598080706 -0.7018941535543065 -0.029207984160096262 0.7116821557883732 1.8450183079532458
0.6698890094705174 -0.04166795853575472 0.7412911008652882 1.3593856132373467 0.007210793701070614 0.9987419885261555 0.04962302700380364 0.04909102111370117 -0.7424262383865543 -0.027896623205727923 0.6693467404633477 1.9696032350639634
0.6278570825519441 -0.041758830187357536 0.7772076196170133 1.5459346240757597 0.0020716472458117813 0.9986458211492568 0.051982998940182254 0.05471758477268403 -0.7783258907212643 -0.031027794032280398 0.627093361335009 2.080486558491869
0.5853489535076057 -0.04222244361573186 0.8096813372448859 1.750552974452465 -0.0007715568644927111 0.9986136522748235 0.052632482274178716 0.06968624902022717 -0.8107811093800564 -0.0314330836135008 0.584504879301269 2.217353078288167
0.5458206777908634 -0.043673330285882155 0.8367630655792967 1.9778299544908613 -0.0034353812087300614 0.9985156767222227 0.05435661409535292 0.0704653808955059 -0.8378949730436822 -0.032543564059592106 0.5448604689151397 2.3374278241509034
0.5071516073995725 -0.045791762962276446 0.8606395073181549 2.235905337119765 -0.005707003017436099 0.9983872023020578 0.05648384190216016 0.07996555278123936 -0.8618379646015767 -0.033557543477973066 0.5060723407252516 2.4696857233211436
0.46989652329445086 -0.04578967315680129 0.8815330755155932 2.49862831370143 -0.008846217081938255 0.9983592496584078 0.05657343073244139 0.08768115804214943 -0.8826771787234148 -0.0343818913629335 0.46872047502448677 2.5919566024259777
0.4338139781844705 -0.04522427539413312 0.8998667663864682 2.7796360541947456 -0.009704454472921639 0.9984470618649901 0.054856979652087565 0.09888449506696616 -0.9009501961235965 -0.032530440640149434 0.43270141499261455 2.7081887367718207
0.4013505121178903 -0.04339040360978239 0.9148961904485593 3.0903093477431405 -0.008013793622569132 0.9986726641573171 0.05087916053453487 0.1204626536087594 -0.9158894832535648 -0.027752166392993514 0.4004700634579488 2.803864833939007
0.372319677654902 -0.04167805017852569 0.9271682683117801 3.3835524271817614 -0.005655693295951259 0.9988707533996184 0.04717235563567194 0.1326005735627819 -0.928087318502032 -0.022806975603805617 0.37166351865567243 2.9062554180095193
0.3466737954740044 -0.039645407259644466 0.9371475450615361 3.6867127890333484 -0.004160689132968281 0.9990315454554067 0.04380250964177531 0.14715127679885515 -0.9379765285963113 -0.019084361875526694 0.3461731054461293 3.0129225625611573
0.3280277950126581 -0.03941304706193713 0.9438455262490921 4.002386272907959 -0.0027348527288219558 0.9990854676345674 0.04267023484780336 0.15580149861326842 -0.9446641129415708 -0.016578301562846273 0.32762001409804936 3.104049965677358
0.3135837253577585 -0.040029811529289194 0.9487164283281269 4.343553364381169 -0.0018102991343885723 0.9990840165389114 0.042753370785439546 0.1678106997928278 -0.9495588291453002 -0.015124221811482957 0.3132240219185035 3.207438814903678
0.3017627545631126 -0.04182921104622048 0.9524649899401718 4.700517205250643 -0.0008800490555715064 0.9990244032667426 0.04415277104764704 0.178994150895836 -0.9533826437858736 -0.014161877727794708 0.3014315440478659 3.316155213292185
0.2901837441928444 -0.04352432952684855 0.9559806626420108 5.069571195488246 -0.002057946451095668 0.9989344962260964 0.046104632152493864 0.19448472265757172 -0.956968734840708 -0.015346171794645189 0.2897849815787957 3.4307432586513005
0.279639590265847 -0.04495766685979937 0.9590518795907084 5.453321726422107 -0.0036938576049009744 0.9988453001464258 0.04790012308322478 0.21215419740056962 -0.9600979403018959 -0.016937371871597495 0.2791506232522853 3.5463550511142947
0.2702058858507481 -0.04669863972979027 0.9616693903306882 5.849051036086077 -0.004052721689296153 0.9987590309219451 0.04963842864921082 0.2307463306392977 -0.9627940354502204 -0.017309973981524673 0.2696813121116058 3.6478396068585166
0.2607346747529944 -0.048968465408024305 0.964167785593893 6.25213011506825 -0.004718018974350914 0.9986362039658883 0.05199492692133403 0.244926741215994 -0.9653989691720241 -0.018105842266529774 0.26014805168867133 3.7515244703346955
0.25053368910058543 -0.050280035137681006 0.9668013181063639 6.664154012252674 -0.004971477772441151 0.9985704079687997 0.053220529288799556 0.26422116655610256 -0.9680951167289337 -0.01813996680194154 0.24992556205801583 3.8560983028782525
0.2403019058619187 -0.05180507149506991 0.9693148242993697 7.088735615420372 -0.004926091346953919 0.998496925172321 0.054585932670044385 0.2792511566253592 -0.970685699731468 -0.01789203702231756 0.23968551760175444 3.9631597674150827
0.23099494918291752 -0.054447439949055466 0.9714302907234122 7.536458147886116 -0.005980381323006007 0.9983346443080074 0.05737746085034607 0.3026629985837007 -0.9729365696134623 -0.01906342722061518 0.23028464397651757 4.056080015738269
0.22080187554373007 -0.057935981982106685 0.9735964018771527 8.005221786202116 -0.007561798782306746 0.9981024416223186 0.061109207381038345 0.32518509283242075 -0.975289367806061 -0.0208551676888968 0.21994479085698043 4.1556411366613135
0.20914679515614645 -0.062313196941615266 0.9758968611297131 8.493806397323363 -0.008802113154328828 0.997807267409108 0.06559862734527036 0.3455062013012965 -0.9778446404618324 -0.022309697274523754 0.20813970435163906 4.256854964642988
0.1965261759828358 -0.0646118373736033 0.9783674016568462 8.995626684796125 -0.010181264381425808 0.9976381655731502 0.0679296139208175 0.3696282575578539 -0.9804457170130113 -0.023310964438285602 0.19540418349615227 4.352432726355925
0.18312630892672319 -0.06492611198753342 0.9809430946599577 9.50095564062882 -0.010646794475062825 0.9976272851098203 0.06801798123886749 0.3952413456008581 -0.9830317394399222 -0.022899781365497633 0.1820005474363531 4.435920876469861
0.1690553425272745 -0.06428371073810134 0.983507954058697 10.011580531425086 -0.012309165471706775 0.9976552176650706 0.06732422380574873 0.41628183326454676 -0.9855296929105563 -0.023487681865110587 0.16786766571388062 4.522598973740004
0.15320006199339478 -0.06340274151968883 0.9861591318712235 10.517237366415554 -0.012789946320920342 0.9977288090743799 0.06613350751414225 0.4384755397022665 -0.9881124218824129 -0.022744579811523905 0.15204119774215505 4.593754301807397
0.13349095963051943 -0.06217601968414994 0.9890977233181547 11.028606190639051 -0.015185478429047269 0.9977845694183028 0.06477155452518077 0.4590932221735754 -0.9909336834227622 -0.02366633911199295 0.1322510470704563 4.655379484155029
0.10828335821815374 -0.060454225893802345 0.9922802028180235 11.544465851250703 -0.019560927692407328 0.9978264362335523 0.06292672930683967 0.48506268256570434 -0.9939276052312918 -0.026223838868957874 0.1068654566928124 4.710329577460235
0.07900827315130177 -0.060112068560479195 0.9950599137675215 12.070088730210594 -0.023337964595886104 0.9977951487019232 0.06213035196603561 0.5043054928050096 -0.996600738602059 -0.02813148485740868 0.07743117832983533 4.745084072858711
0.045050593141672916 -0.05951259304806602 0.9972104568877507 12.619809396196493 -0.02739817012741766 0.9977748452184164 0.060784031809584915 0.5325726721504409 -0.9986089246202702 -0.03006009843721232 0.04331981244987575 4.77436388624425
0.009966183000878587 -0.05882416595235903 0.9982186096724504 13.162410065657475 -0.029497018975851566 0.9978164715577786 0.059094965602134786 0.5530387171909622 -0.9995151830102089 -0.030033424513175984 0.008209284017500143 4.780795432650877
-0.02364809509965093 -0.05774992947663712 0.9980509572379553 13.737059705344919 -0.031025679893059897 0.9978916629043936 0.05700558124493047 0.5745869882100845 -0.999238797678178 -0.02961713610973409 -0.02538996776930126 4.760583522872032
-0.05685049468932245 -0.05528483374441165 0.9968508456190575 14.319040002059639 -0.03347258000393114 0.9980098870721428 0.053440169293558645 0.5984482142693841 -0.9978214307387167 -0.030329069621348254 -0.05858788180540053 4.72720650561673
-0.08916276007550464 -0.051942079642286525 0.9946617629014146 14.908719349631259 -0.03567146536480796 0.9981651450314396 0.048927393176905976 0.6176108585522271 -0.995378093376806 -0.0311185412060821 -0.09085200943710608 4.671319322338875
-0.12181991393319018 -0.047149382171826106 0.9914317144060515 15.498661200293675 -0.033062002498438714 0.9985095383449085 0.04342356301624752 0.633891336145447 -0.992001417620007 -0.027488863109410244 -0.12319719901381171 4.594271241948309
-0.15370582072424216 -0.04102620576322558 0.9872645902270362 16.110762243215934 -0.02819085562618591 0.9989130528183314 0.03712126840802199 0.6486042616529916 -0.9877144305590306 -0.02212607850095365 -0.15469531445916207 4.490615782030706
-0.18413159653575614 -0.0348835920650162 0.9822823881969135 16.721884935743702 -0.022027537115142184 0.9992654749679879 0.031357585137218154 0.6542227152679844 -0.9826547424023526 -0.015863339548733688 -0.18476474688783892 4.365139334309889
-0.21312900642803487 -0.029197471229551526 0.9765876992327903 17.33945421704535 -0.01640835638640603 0.9995193662701315 0.026302134735546698 0.6597205128875859 -0.9768862740665846 -0.010418451168466113 -0.21350565195224971 4.219453208321477
-0.23969703595977226 -0.022779126335689535 0.9705804667081855 17.97199993968567 -0.007048955335914888 0.9997391855257285 0.02172264148350704 0.661184217311348 -0.9708221480687236 -0.0016347255829212682 -0.2397950885474867 4.041229226879547
-0.26549635389320075 -0.012521808496835055 0.9640305443197233 18.605695100609292 -0.00094398110944144 0.9999185503482368 0.012727983702891856 0.6524426513000045 -0.9641114017420807 0.002469206642770421 -0.2654865496583103 3.853572554019384
-0.29042007223599464 0.0035543809911785617 0.9568926522960695 19.18410725219412 0.004456045558968125 0.9999872821513969 -0.0023620316328637325 0.6417813191123977 -0.9568888782405273 0.0035779758562361373 -0.29043221720111684 3.66291419445683
-0.3152684327254116 0.02151839798011032 0.9487585435057908 19.714164544176214 0.005101294204741522 0.9997668777023178 -0.020980158407195932 0.6273559434433982 -0.9489888261324774 -0.001774485199679306 -0.315304708302901 3.4800212230311813
-0.340996522368782 0.03722473336859538 0.9393272544529042 20.225944172526777 0.0056721979289860855 0.9992789734542554 -0.0375414355460671 0.6070644379322201 -0.9400474444957815 -0.007473448858589245 -0.3409618008796697 3.296960045901489
-0.3659681103831632 0.047633961583178126 0.9294075251935862 20.69918793030703 0.0090028710763835 0.9988236801495599 -0.04764666079451296 0.5764359730606508 -0.9305838438824074 -0.009069822290293402 -0.36596645724528404 3.114828871976083
-0.3900362948967842 0.05197279285105663 0.9193315601383686 21.170987251811177 0.011050543399768194 0.9985981174785628 -0.0517656764549289 0.5489730862004236 -0.9207331720719945 -0.010031379343216863 -0.3900638374352518 2.9186573011535777
-0.41201602438526214 0.05177147187654211 0.9097046280796292 21.62828286906245 0.014875022878551435 0.9986336605367752 -0.050095366425242975 0.5163604786148843 -0.9110551736004375 -0.007108216559239233 -0.4122231724602854 2.704866839160801
-0.4321877952779707 0.04701917268800365 0.9005569982030561 22.094855177854367 0.01799338034850056 0.998890593139379 -0.04351805603757121 0.4817408051840616 -0.9016040970827486 -0.0026039080994859003 -0.432554357030662 2.468238029086428
-0.4501713394431212 0.045841779553903665 0.8917647090972562 22.554995617648057 0.02605215864522458 0.998930476120175 -0.0381993312538198 0.45001507039856825 -0.8925620707681388 0.00603615155925525 -0.4508841477590939 2.229540146833703
-0.46435711283051584 0.045872804756935476 0.8844592458374985 23.002307736514 0.02790705424447717 0.9989196699369595 -0.03715762824005647 0.41892208273258236 -0.8852082625501759 0.007428243181440206 -0.4651356287322386 1.9943198640419986
-0.4753635063892785 0.05038567897186078 0.8783455015811443 23.43781518051591 0.03236159524690415 0.9986844873657503 -0.03977463825200843 0.3910376688745728 -0.8791940991307686 0.009517250104274422 -0.4763687206398923 1.750147321791089
-0.48514737591456747 0.0529070928612267 0.8728303747969475 23.870471529379362 0.03349229248845891 0.9985597819133609 -0.04191214965857204 0.35998514932832193 -0.8737907586985997 0.0088995207797217 -0.4862206377179143 1.5001621092236734
-0.49599560722405395 0.052484236841743734 0.8667374241934975 24.304409489763692 0.027596745091376645 0.9986202032705264 -0.04467783880502034 0.32996450655683135 -0.8678863850037063 0.001759119969076211 -0.49675962821281194 1.2633868541727604
-0.5072596487677038 0.0511424866704574 0.8602744299287438 24.76323561525018 0.027394361178155392 0.9986900138521086 -0.04321811203313748 0.29671742427579434 -0.8613577640607326 0.0016438641154727788 -0.5079961614058356 0.9931844766645748
-0.5160018712916565 0.052295267755545084 0.8549896337347499 25.164172521188146 0.029389650889826716 0.9986278455779379 -0.043343678396432425 0.2661728137075873 -0.8560831251952584 0.0027624276886679027 -0.5168307767046992 0.7392247193867086
-0.5229205430533306 0.0557451992465432 0.8505566285755293 25.571838192251292 0.03258925725334114 0.9984371041261316 -0.04540142526277737 0.23881245399932477 -0.8517582086275919 0.003977670823380687 -0.5239199673331183 0.47598074113302147
-0.526026108274153 0.05907571074310943 0.8484141640815194 25.981685077170013 0.033683405746028655 0.998248998409571 -0.04862474011887984 0.2135602248972864 -0.8498011306130959 0.002999595718864202 -0.5270949068566555 0.21793331528847482
-0.5258361511727271 0.06109921810960166 0.8483886065160504 26.375238257191914 0.03379785711955528 0.998129907797006 -0.05093517463657302 0.1811257192242762 -0.8499141409424703 0.001890160714686938 -0.5269178117301542 -0.020162993921949507
-0.5211867384179196 0.06162713572720272 0.8512147084251714 26.78626826248063 0.03654762417661055 0.9980861525808243 -0.04988289479814925 0.15237966168732747 -0.8526597532804838 0.00511157201443851 -0.5224415919193314 -0.2858238627306945
-0.5159251867291433 0.06034900214065422 0.8545052367534814 27.2131213393861 0.034481005339856 0.9981699717238327 -0.04967663253065853 0.12133693464817835 -0.855939403211028 0.0038347737169807487 -0.5170619233141117 -0.5316767682994821
-0.5084534219923648 0.05879182271625043 0.8590801122398031 27.666293349551005 0.03216565945156698 0.998266939979013 -0.04927968036598396 0.08855479845666822 -0.8604885170740508 0.0025764562151490964 -0.5094633194422065 -0.8014802061053494
-0.5012749857071728 0.0582020473597837 0.8633283908151062 28.13188378275041 0.029954655585921124 0.9983044684587266 -0.04990898580474458 0.0597849685531603 -0.864769395453494 0.0008425784584852518 -0.5021684804411155 -1.0782625819912515
-0.4945643100070203 0.057036229896117396 0.8672675548794124 28.65204964570008 0.027088000418876955 0.9983712097745935 -0.05021123107942523 0.02469259954604177 -0.8687188172824309 -0.0013401389635429618 -0.4953037659123659 -1.3736894276466285
-0.4902363817814408 0.054595587835180974 0.8698779292330447 29.197377736965937 0.023132266108503267 0.998499677787206 -0.04963155975305612 -0.014453011422917293 -0.8712824962332972 -0.004208948534570762 -0.49076378891449063 -1.6725403769925968
-0.48866215353009435 0.05159867528442881 0.870945966415954 29.749522785711 0.018819105112266428 0.9986407723270752 -0.04860503192825004 -0.05485159163848983 -0.8722701078164394 -0.007361015885367136 -0.4889689913021392 -1.974823204281234
-0.48856247799756286 0.0489509532264285 0.8711546988170944 30.342709662668142 0.01556815014310363 0.9987551365033833 -0.04738997794070119 -0.09737950213523898 -0.8723900147262126 -0.009590697905898822 -0.4887163601923667 -2.306033559653458
-0.48946711570853374 0.047899077331908985 0.870705243484107 30.965099782277687 0.014325529542027276 0.9987972106256537 -0.04689255004522754 -0.13909330461456104 -0.8719040783499683 -0.010479047530920677 -0.48956456951002447 -2.6526291515293567
-0.4898309236908663 0.047102502667502856 0.8705440944826449 31.593035624179567 0.014724040644474475 0.9988439620583014 -0.04575961196037981 -0.1840775214927873 -0.8716931047239339 -0.009596546364313067 -0.4899581997217978 -3.0056623103603437
-0.48979099281974153 0.046636338733911945 0.8705916581625083 32.22398763061311 0.013775223310270153 0.9988575955539349 -0.04575748055732839 -0.22101422354374398 -0.8717310517444027 -0.01041900732785024 -0.48987387939233745 -3.3598607366257807
-0.4900233563035986 0.045775402078920516 0.8705065897748664 32.851681861294104 0.013948085638848882 0.9989041730749199 -0.04467554051729227 -0.2603808833989568 -0.8715977060456079 -0.009750157845592158 -0.49012485474419526 -3.7060946635689596
-0.49007518321956595 0.04543403041555792 0.8704952979037309 33.48459298624046 0.013293456245520039 0.9989141239062606 -0.04465262681664839 -0.3029108864749327 -0.8715787966749508 -0.01031125311378276 -0.4901469975893626 -4.060938547515354
-0.4906226559809692 0.043718700229144786 0.8702747179416693 34.12076627776153 0.01208404950725393 0.998985903416677 -0.043372116875501555 -0.34615531834357866 -0.8712883478996395 -0.0107629004004501 -0.49065341615980296 -4.406455092222402
-0.4908686551075689 0.043111839314394926 0.870166267298276 34.792712327950554 0.01151699236283954 0.9990087561106554 -0.04299841975172669 -0.3935608987914719 -0.8711574612662157 -0.01108487822039902 -0.4908786032768576 -4.783882947584722
-0.4898011865843426 0.04219714503772424 0.8708123785128652 35.476094948919645 0.009721364537037097 0.9990302566541632 -0.04294230269844279 -0.4403572359503441 -0.871779956578554 -0.01256770624146636 -0.4897364189722065 -5.163517681120807
-0.48901895448312244 0.04028458763266986 0.8713424207253414 36.15094516786197 0.00942644480582896 0.9991187087308023 -0.04090168703619234 -0.4891828471827882 -0.8722222218532122 -0.011788038995082805 -0.48896772678991224 -5.533045686560369
-0.486827506237554 0.03789080930739562 0.8726759225168029 36.82357950974043 0.00935624789477693 0.9992276052277996 -0.038166131268937004 -0.5357837639873703 -0.8734480177983426 -0.010415350245514201 -0.48680599902158933 -5.910680788831739
-0.4844502686786977 0.036427844313228326 0.8740600376037257 37.455126191135264 0.009190891936383089 0.9992894540055606 -0.036552901645038126 -0.576900747419229 -0.8747705211554337 -0.009674671671390557 -0.4844408488613442 -6.2419153588538405
-0.4826323969332507 0.03615168381425073 0.8750765824702759 38.07197885925231 0.009318292411991398 0.9993031304727502 -0.036144471968419425 -0.6168181133255608 -0.8757734517881822 -0.009290273663653766 -0.4826329370839345 -6.576119024575236
-0.48036491585228835 0.03614943952533682 0.876323436660361 38.66112725295477 0.009622244355782815 0.9993073313628432 -0.035948155697061654 -0.6574317857570121 -0.8770159405802036 -0.008836034544211724 -0.48038002088112747 -6.901433686681805
-0.4794719498695796 0.036828194059388655 0.8767840859701922 39.248508238677225 0.010221295829414927 0.999285603533993 -0.03638416800286682 -0.6951936207456983 -0.877497677717627 -0.00848331845548536 -0.4795058486693905 -7.21835009919599
-0.4803353190570089 0.03868230445063068 0.8762315108399085 39.83374013959452 0.009119083676424321 0.999193234300938 -0.039111671405387044 -0.7291899469970192 -0.877037526893406 -0.010796288696083848 -0.48030054816863094 -7.536530645369665
-0.48323167540580586 0.040024652610917186 0.8745771407187999 40.401652282518235 0.0074824817055553945 0.9991067686520579 -0.041589389285719376 -0.7707987995401103 -0.8754605418589817 -0.01355330280811006 -0.48309952145595025 -7.843874368016209
-0.48790884425219094 0.040298194926088465 0.8719638841065543 40.95341609815097 0.0067540368843121605 0.9990781577462281 -0.04239360447235682 -0.8157150369945405 -0.8728684566910726 -0.014794938326741476 -0.48773124475847507 -8.152875228978818
-0.49340856254268833 0.0388877139034837 0.8689279234303137 41.55063680669638 0.008628695600392495 0.9991697381990013 -0.03981682909982831 -0.8592990617946353 -0.8697548712262504 -0.012148249861186445 -0.49333445450679486 -8.493112049298196
-0.49885280460418413 0.035996196305193455 0.8659388853666846 42.130487916042235 0.009620108280993503 0.9993055529362299 -0.035998130332942725 -0.8993852193690443 -0.8666333324164257 -0.00962734243513877 -0.4988526650449364 -8.82660838306972
-0.5044943754640937 0.03410191655082031 0.8627412615684109 42.68697348133162 0.007165545232253115 0.9993506612430713 -0.03531162463764642 -0.9329097467607119 -0.8633852443067438 -0.011632504484686019 -0.5044111465390072 -9.144567515773643
-0.5087686871224661 0.0375220009461328 0.8600851832514489 43.25095556431534 0.00924919808103423 0.9992303197070308 -0.038121129482639876 -0.9707231248130501 -0.8608535736921444 -0.011439738772046588 -0.5087241463094593 -9.486755323190085
-0.5138179477941083 0.03899194655306284 0.8570126863872274 43.82494296963179 0.009957363645347507 0.9991703561351764 -0.039489876296701594 -1.0122994476037643 -0.8578414582158417 -0.011757020230374109 -0.5137799188771571 -9.827054262487668
-0.5186268567246884 0.03985505824095837 0.8540712838027498 44.38344687019979 0.008279015721533039 0.999100233491825 -0.04159544849202959 -1.0540567800088338 -0.8549606080882021 -0.014501647119555521 -0.5184901743025307 -10.15890062029187
-0.521909644220677 0.03997291763135823 0.8520636649485068 44.94734721768398 0.007466467998340251 0.9990772082382647 -0.04229638086709695 -1.0941927184204896 -0.8529680973665263 -0.015712983003275394 -0.5217264868109187 -10.50046810318924
-0.5252695905079505 0.03939995354318749 0.8500232355344195 45.481232715189144 0.009146005904953809 0.9991311963804574 -0.04065959905523213 -1.1337812138766568 -0.8508867185845553 -0.01358293341440624 -0.5251735865942463 -10.829656453939629
-0.5278139101831466 0.032236636024351596 0.8487480636296081 46.03360563623924 0.010080843305978264 0.9994468636093695 -0.03169137768580638 -1.1695453991702698 -0.8493002135967076 -0.008171053739726597 -0.5278469295784205 -11.170101923427753
-0.530359263089605 0.022957002446329904 0.8474621101227647 46.59623334921951 0.008838468765964952 0.9997286924640216 -0.021550474102445757 -1.2026199476519956 -0.8477269215525239 -0.003939226173538644 -0.530418277373839 -11.511148229606214
-0.5320372074908967 0.021700743200523134 0.8464428436639013 47.17056946297553 0.010002484464778041 0.999762844721587 -0.019344369173515855 -1.2308750624016802 -0.8466618924634642 -0.0018253927616715417 -0.5321280934055695 -11.86838469004883
-0.5334585926065866 0.025931087121049502 0.8454285946754573 47.71238553697347 0.009052878129310283 0.9996477337965374 -0.02494902228571185 -1.2562132048126042 -0.8457777340245899 -0.005655708280807379 -0.5335054241449361 -12.201568111805338
-0.5351506932031094 0.03312761941513594 0.8441068039034607 48.231445463385164 0.011363227640139915 0.999422663737648 -0.03201899850295099 -1.2830474529790412 -0.8446801836327308 -0.00754321147916967 -0.5352181679826948 -12.524108022954985
-0.5350827056389182 0.03706217564087411 0.8439863110636915 48.7463413110064 0.017288370087470806 0.9993083833318877 -0.03292213939457543 -1.3137510965935653 -0.8446227621760194 -0.0030249197282342464 -0.5353533781296104 -12.858857633917431
-0.5352205687158622 0.038332462830622076 0.8438421446673583 49.26001994198227 0.02160758717725328 0.9992642296008386 -0.031687720281021174 -1.3490238984233527 -0.8444359389556095 0.0012734730346312339 -0.5356550412967145 -13.183787446427246
-0.5346182238965257 0.034817111916418876 0.8443761741046006 49.79362606198298 0.020488154330444288 0.9993912708465716 -0.028236913567083303 -1.382690146907753 -0.8448453054908053 0.002203740788459686 -0.5350061245599738 -13.516844226404992
-0.5351759890978999 0.029481114695014653 0.8442259914083567 50.32786090103074 0.019265814824589108 0.9995568452453512 -0.0226923225407676 -1.4129151085251397 -0.8445208636097896 0.004120315459902989 -0.535506801010298 -13.829729446807999
-0.5350014571296747 0.02189413020974384 0.8445673969148246 50.885736584388326 0.014719085447895913 0.9997539781150041 -0.016593124081642832 -1.436346175068681 -0.8447229068710632 0.0035539141196922813 -0.535192096636085 -14.168404637223514
-0.5344213101057328 0.016290721426220327 0.8450612260068998 51.43661767888117 0.005606043547525767 0.9998605665240594 -0.015729583145042147 -1.4566609711468292 -0.8451996424399458 -0.003668774398461991 -0.5344381203785885 -14.507071977457313
-0.5337764652495365 0.010906461960468744 0.8455552815950086 52.00046913799509 -0.0023894293602622816 0.999893379159719 -0.014405587106305136 -1.4765966623237456 -0.8456222417681784 -0.009709757981007469 -0.5336934933338688 -14.834483460660778
-0.5323876901748742 0.01196549387449831 0.8464160763516962 52.56493672488172 0.001558387236733494 0.9999122521438539 -0.013155205882541685 -1.501052171147662 -0.846499213690999 -0.005684625663220691 -0.5323596211693625 -15.180941921480255
-0.5285464793018723 0.015298294881134112 0.8487665058137743 53.06039546959385 0.005379723167620435 0.9998778899279388 -0.014671871451193884 -1.5217510396275804 -0.8488873174905082 -0.0031886371650641366 -0.5285642390445986 -15.499744446156813
-0.5234209104368989 0.019031026892038738 0.8518617085729592 53.63913855426179 0.0076695996832432676 0.9998152715240143 -0.017623849410609425 -1.541760070093776 -0.852039745409862 -0.002691253013658467 -0.5234701800476423 -15.849806257341836
-0.5143590475998031 0.02127024136736004 0.8573111144645196 54.25803732094288 0.012346533145387127 0.999772423633185 -0.01739724293974989 -1.5670214137644756 -0.8574860542723178 0.0016363907813003772 -0.5145046053765691 -16.249608496726182
-0.5064352431117123 0.024342604467967755 0.8619343258868949 54.854680288899644 0.02012183635105138 0.9996628616661363 -0.016409591930339293 -1.5977423596833014 -0.8620431869902095 0.009033305772252163 -0.5067543222811073 -16.605676864524547
-0.49638956238332044 0.02327676884247566 0.86778775883804 55.444632901495446 0.017152319150565653 0.9997082907006156 -0.017003865801579598 -1.6172757912711462 -0.8679304121325899 0.006444031090481163 -0.4966440114998406 -16.939665561940902
-0.4858422771412014 0.020972070969094737 0.8737948580653919 56.045430961249565 0.014665244917050757 0.9997669621894887 -0.01584146160908636 -1.6377496390609436 -0.8739234590819555 0.005117963819393103 -0.4860366180778666 -17.25930488104072
-0.4741540699602793 0.017523936653106132 0.8802674761595362 56.631575053606596 0.014639734947770747 0.9998206034342783 -0.012018282280043334 -1.6606637487113347 -0.8803201668147546 0.007188365077112451 -0.47432555413635274 -17.572763218510147
-0.46240068125952405 0.016920584999394795 0.8865096185456789 57.22868073028198 0.013830509959400812 0.9998339006965375 -0.011869625613177372 -1.6821547452459134 -0.8865632109246282 0.006772357138579653 -0.4625578971478035 -17.887112709981984
-0.4512883810589164 0.015776299312543984 0.892238704328176 57.823404480467836 0.013916011035682834 0.9998465518747482 -0.010640363763469655 -1.7018141468235422 -0.8922696575352503 0.007614531119207611 -0.4514386748582348 -18.17160563760569
-0.438234331167759 0.01751033590689183 0.8986901908457517 58.450578180570915 0.016491553551545406 0.999798574706527 -0.0114384735100856 -1.7231430947627302 -0.8987094634237471 0.009808065620316768 -0.4384348323313118 -18.48575536591003
-0.42639627118505125 0.02126244471227109 0.9042865300137679 59.129077380606184 0.016243025118238115 0.9997424716200659 -0.01584785707902771 -1.757516429160922 -0.9043906147536526 0.007930881656334248 -0.4266318284676637 -18.800181249493946
-0.414362293417806 0.030969790440666115 0.909584939339695 59.794745782115534 0.019211271442836957 0.9994958127276825 -0.025279386649326906 -1.779998234464133 -0.9099092354971913 0.0069994585417679925 -0.4147483462740239 -19.10667043931689
-0.40161616441768777 0.03534721565893785 0.91512569127065 60.45251446542047 0.018853277765967107 0.9993622142922194 -0.03032686206020073 -1.8108538052628391 -0.9156140073174406 0.005073360828863359 -0.402026430243084 -19.393635693143985
-0.3894959390818091 0.03166447815668236 0.9204837175430342 61.15624379391866 0.017151577571684683 0.9994849086743 -0.027124540901469214 -1.8458551018950262 -0.9208684687975696 0.0052228493543382045 -0.38983840885556786 -19.687188505760187
-0.37783815422665884 0.027520528390322083 0.9254625598735525 61.896833841154184 0.013876572301113884 0.9996141993841626 -0.024060198060650802 -1.877839199176396 -0.9257676652118292 0.0037513872985019954 -0.3780742746360486 -19.985332953195147
-0.3683983873900325 0.02849513202273508 0.9292312175230825 62.656869083376606 0.012413307202588703 0.9995918180618366 -0.025731441236596663 -1.9212743273382178 -0.9295851429388896 0.002055411108572765 -0.36860173264983187 -20.276877978395806
-0.3617947020589786 0.03352290511949722 0.9316548762253134 63.50285591338849 0.008266414339057287 0.9994293422658815 -0.03275143068552493 -1.967893651263831 -0.9322211432680704 -0.004147848878986421 -0.36186535533765624 -20.59027918053827
-0.35643934051865467 0.03868232130093966 0.9335173670314855 64.28730042380856 0.003128214671190271 0.9991863930037335 -0.04020903268105012 -2.0105915458076073 -0.9343132294919063 -0.01141183836836105 -0.35627034558247744 -20.88106390140987
-0.3527743824657198 0.040720793378944214 0.9348219360191112 65.05382026847002 -0.0012641884051685713 0.9990309600645336 -0.043994802649847335 -2.0527433328592037 -0.9357075594990157 -0.01670203038890679 -0.35238105124606617 -21.16645830914055
-0.34887494534931063 0.040221357424393846 0.9363057806691437 65.81987834086262 -0.001332591647641078 0.999056300945378 -0.04341349721947712 -2.1082087679037 -0.9371683395778019 -0.016393594732819563 -0.3484921137482467 -21.450684654331003
-0.34377549958494646 0.03994563855473326 0.9382018715849886 66.58655478026243 -0.0012193746683713314 0.9990750069613714 -0.04298422490334305 -2.1617388557709085 -0.9390510736964929 -0.01592094298644128 -0.34340880094121773 -21.724397501299666
-0.3383712210546857 0.03505496088945497 0.9403595410687341 67.31112083128795 -0.0044710148567188275 0.9992347192063498 -0.03885853778444749 -2.2096461963720944 -0.9410020864950881 -0.017352972357292253 -0.3379555408071542 -21.976178418130946
-0.33379562702608784 0.031195265045234497 0.9421291497544371 68.04708177227704 -0.004966540850717946 0.9993801934764732 -0.034850571858889845 -2.2527774392945403 -0.9426323847875355 -0.016312091394756992 -0.3334338057607403 -22.223410043578344
-0.3282662437765932 0.02792303137095292 0.9441724299702163 68.77622103931651 -0.006237336511638328 0.9994771038314307 -0.03172718944316623 -2.2987382288841447 -0.9445646451302547 -0.01630408647482543 -0.32792042927237014 -22.470264794769285
-0.32225637413070624 0.026535495965072826 0.9462804535580442 69.43394435777911 -0.014029700924345433 0.9993633999310894 -0.03280186534533133 -2.334406125327695 -0.9465484651216234 -0.023846641944876897 -0.32167894062846264 -22.679158469898976
-0.31547907965882965 0.02692050677136087 0.9485505978137332 70.12957337352331 -0.021353599310508214 0.9991429969831531 -0.0354583611577978 -2.3717508425881313 -0.9486922441414286 -0.03144134053572263 -0.3146338634209825 -22.9017209718589
-0.3081258488712095 0.03126460282017198 0.9508317337299451 70.79015060060325 -0.019832719191375695 0.999031542792987 -0.03927645292192067 -2.4094409637440903 -0.9511388565855504 -0.030959669170524496 -0.30720738008384485 -23.11548802162261
-0.3016832608617452 0.03487712490475819 0.9527700647450055 71.43204465806495 -0.017517402930180212 0.9989592088116557 -0.042114602277125955 -2.4449065809146164 -0.9532472663010381 -0.02939532766880378 -0.3007583149321705 -23.312473976373894
-0.2948670071932418 0.033150050582954504 0.9549630999233676 72.06892577462591 -0.018301067458059206 0.9990187893835029 -0.04033025401114891 -2.4794284546255203 -0.9553630299518566 -0.029368905411258257 -0.29397099924337644 -23.507033604667296
-0.28821621651145424 0.02816363792107669 0.9571510967652247 72.7275587612674 -0.019470913158818555 0.9991883509615087 -0.035263619263629635 -2.517962199612835 -0.9573673778025761 -0.028800152809640177 -0.2874339143482514 -23.698473540788186
-0.28164196568283245 0.025234243675962244 0.9591876959763465 73.3972912581608 -0.020544308523284382 0.9992663742457893 -0.032320963614372235 -2.5570582025995856 -0.9592996062511475 -0.028808787682984557 -0.28091692579591426 -23.89288818423824
-0.27510148633477666 0.028323798549650617 0.9609978848322794 74.05465940373627 -0.022186145564848617 0.9991127340085015 -0.03579831961168177 -2.59407013819598 -0.9611591684842672 -0.031169009893854595 -0.2742290022241731 -24.068676287468904
-0.2683537062823082 0.03160217353605119 0.9628019479375525 74.71145417937173 -0.02070302668778896 0.9990417170674731 -0.038562057061664455 -2.628017739280901 -0.9630979560826142 -0.03028118535756676 -0.26744228686359256 -24.245637894732493
-0.26153501467209145 0.0324976247663224 0.964646743883488 75.4133820216712 -0.023403395271415977 0.9989256609315978 -0.039997562702343586 -2.664385678199732 -0.9649102119835994 -0.033036772192587965 -0.2604934826302895 -24.430594612009266
-0.2541805312056175 0.032027509538251474 0.966626347762571 76.14285426236586 -0.023492995296488493 0.9989521805680309 -0.039276202850614554 -2.707940547918439 -0.9668714168533608 -0.0326921943457497 -0.25316177377485544 -24.61580994993857
-0.2457676765982418 0.03165536180632466 0.9688117398176039 76.8708776062845 -0.01892080741961616 0.999119532213966 -0.0374454722913555 -2.752800205651614 -0.9691440822633585 -0.02753358707911536 -0.24495234107161673 -24.80143767459108
-0.23722209327052327 0.03317836009775792 0.9708887036553545 77.57761953679109 -0.015115139592889758 0.99916956567259 -0.03783796491255377 -2.792072745840249 -0.9713378459729821 -0.02365111952655551 -0.23652360035671446 -24.98831894712395
-0.23000245826943796 0.034027412316356025 0.9725949847706744 78.23158119903022 -0.013131869390479028 0.9991890405755197 -0.03806330516485106 -2.82839488463483 -0.9731014454805422 -0.021526644067611518 -0.22936909207402023 -25.149825472170388
-0.22266611909930087 0.03324255245566704 0.9743278360549331 78.89632835184268 -0.01873397892769312 0.9990880259355148 -0.03836866515532772 -2.8616678577452244 -0.9747147467022271 -0.026796438914467913 -0.22184028809643935 -25.29403069483827
-0.21672423116402292 0.03165252971514472 0.9757195934227186 79.59405051275739 -0.02256193444123178 0.9990448726635855 -0.03742060286604989 -2.8990769903250273 -0.9759721137105437 -0.03012407288566011 -0.21580308962604636 -25.44362407639987
-0.21159222079225942 0.03222851045179195 0.9768265225792443 80.27280073310645 -0.019487553206411216 0.9991183586206426 -0.03718522202716582 -2.932874509435811 -0.9771637362132413 -0.02690406254157041 -0.21077761752266994 -25.590475500398874
-0.20652570008289614 0.03255087835350888 0.9778995733323975 80.89978113333359 -0.017518434046993502 0.9991632388098288 -0.036958445307984825 -2.9702352582683416 -0.9782843347789052 -0.02476413797120621 -0.20578264697668996 -25.72969769457375
-0.20136438167546442 0.0341787300996708 0.9789199151111556 81.5058182540422 -0.01682766530357845 0.9991228387598066 -0.03834557013483759 -3.0005139725014147 -0.9793718473965254 -0.024194368710685022 -0.20061260441408835 -25.855014961285125
-0.19570741425923482 0.03301783632037806 0.9801063363169762 82.11974140200083 -0.010210141632825232 0.999310267346035 -0.0357035374245019 -3.0349078579606505 -0.9806091785272034 -0.01699447149827597 -0.19523531167976044 -25.972004536498982
-0.18994573939721804 0.03173375798919023 0.9812816031541245 82.73771838258718 -0.0026275183800479056 0.9994574913455734 -0.03283015596009378 -3.0668410891096305 -0.9817910736159715 -0.008814283696649251 -0.18975931115734274 -26.099301395336724
-0.18510326385933024 0.03010837417832055 0.9822577398590263 83.36270477872263 -0.0008367300026476051 0.9995253606935652 -0.03079534401966877 -3.105638625925684 -0.982718719467336 -0.006522203210977883 -0.18499021399455107 -26.222163266089915
